mu
1
-4.70629e-05
-0.499813
0.00022
0.122773
-0.000294198
-0.127179
-5.61984e-05
0.0646199
0.000436716
-0.0773769
-0.000150604
0.037416
-0.000357635
-0.0610947
0.000195408
0.0222792
0.000417363
-0.0480129
-0.000501114
0.0220581
-0.00017051
-0.0269388
0.000251761
0.0381005
0.000384907
0.00462277
-0.000305539
0.0592546
7.11553e-05
0.0228254
-0.00041586
0.0498129
0.000425832
-0.00797439
-0.000132034
-0.0103186
3.75544e-05
-0.0700111
0.000213841
-0.0565734
-0.000357604
-0.0669128
7.37421e-05
-0.000965006
2.46312e-05
0.0263588
8.83678e-05
0.0748181
-8.45993e-05
0.0405895
0.000204947
0.0110464
-0.000532063
-0.0461568
0.000490395
-0.0202996
4.15908e-05
0.0241231
-0.000202345
0.089591
5.74212e-05
0.0520409
-0.000205403
-0.0358912
0.000298863
-0.1337
-3.72652e-05
-0.0989869
-0.000279184
0.00232603
0.00015004
0.0818868
0.000153684
0.0211469
0.000107507
-0.0442323
-0.000350668
-0.00567382
-0.00015757
0.121812
0.000469334
0.106833
-6.00968e-05
-0.0493472
-0.000324084
-0.13305
0.000341874
-0.000532936
5.56608e-05
0.0903762
-0.000180553
-0.0186769
-0.000387411
-0.114407
0.000446105
0.0158354
-5.42965e-05
0.0770572
0.00040717
-0.0881161
-0.000887446
-0.129926
0.000537691
0.11292
-0.000136018
0.165796
0.00020476
-0.0165494
6.49567e-05
0.0103389
-0.000437807
0.106042
-3.29121e-05
-0.11907
0.000696536
-0.184473
-0.000579719
0.0892653
0.000120194
0.065153
0.000105712
-0.115148
9.93243e-05
0.0539161
-0.000584641
0.0284588
0.00045715
-0.160529
9.59908e-05
0.0957919
-0.00015635
0.161384
-0.000140573
-0.112584
0.000365351
0.0470112
-0.000181107
0.0675044
-0.000105226
-0.107384
3.18602e-06
0.144896
-3.05434e-05
0.00621186
0.000184583
-0.26787
0.000174589
0.0170566
-0.000399861
-0.0392838
1.14873e-05
0.0206374
9.58315e-05
0.230227
0.00010807
-0.136192
-3.65641e-06
0.000745543
-0.00020349
0.115425
0.000160498
-0.112365
5.1424e-05
0.118349
-0.000122291
-0.0926184
8.41803e-06
0.00068908
0.000102951
0.204919
0.000217778
-0.207573
-0.000683172
-0.0410044
0.000287972
-0.12212
0.000112079
0.0177304
0.000417563
0.205604
-0.000504741
-0.178664
-9.96624e-05
0.135392
-6.53835e-05
0.0151862
0.000671083
0.0548966
-0.000527401
0.0390452
-0.000120684
-0.158409
0.000475092
0.193478
-0.000240563
-0.196919
4.74513e-05
-0.030151
-0.000161004
-0.00288951
4.25751e-05
0.0958369
2.25223e-05
0.07628
0.000150378
-0.297793
-0.00019751
0.12751
0.000207449
-0.0576855
-0.000246537
0.161411
0.000209888
0.0126078
-0.000155572
0.128067
4.36768e-05
-0.0114567
0.000276984
-0.240037
-0.000337905
0.146421
-0.000218175
-0.0963501
0.000453987
0.0260618
0.000105857
-0.195112
-0.000223129
0.234637
-0.000325958
-0.0719773
0.000279081
-0.0239246
0.000110627
0.0372937
-0.000196112
-0.0258819
6.14994e-05
0.0577315
0.000508776
0.035205
-0.000825888
0.158055
0.000418169
-0.295208
-0.000102282
0.178986
-3.76748e-05
-0.0132677
0.000219716
0.00476758
5.75558e-05
-0.249037
-0.000546404
0.0766389
0.000329475
-0.106587
0.000279582
0.165884
-0.000237021
0.135366
-0.00032795
-0.0960291
0.000331868
0.0328049
2.10577e-05
0.02229
0.000325805
-0.0588422
-0.000809769
-0.0829749
0.000556019
0.282974
-0.000148087
-0.172823
0.000355882
0.0406954
-0.000548609
-0.19314
-6.17224e-06
0.0344379
0.000324684
-0.000692627
1.15163e-05
0.123432
-0.000203416
-0.267007
0.000272351
0.275942
-0.000241364
0.0248015
8.89435e-06
0.0163996
-0.00011759
-0.00405917
0.000159111
0.00536725
0.000379269
-0.0838
-0.000414632
0.0492706
-2.80147e-05
-0.145872
-9.73727e-05
0.0785178
0.000355203
0.0253974
-0.000286298
-0.159623
0.000193978
0.196988
-0.000193739
-0.0516898
5.77115e-05
-0.123077
0.000195807
0.00715249
-0.000201698
0.168426
1.70027e-06
0.133681
0.000128971
0.0416903
8.91105e-05
-0.284448
-0.000521193
0.159773
0.000378238
-0.216674
0.000286606
0.0750544
-0.000401541
0.0279992
-2.53113e-05
-0.0427509
7.89542e-05
-0.0595039
0.000209056
0.12943
-0.000199095
-0.0625809
-0.00026964
0.120464
0.000340817
-0.1746
0.000202703
0.294655
-0.000198361
-0.188925
7.77902e-05
-0.0146044
-0.000488032
0.123613
0.000231839
0.00962628
0.00044495
-0.137387
-0.000154718
-0.0632402
-0.000468412
-0.0973133
0.000324081
0.133868
0.0001115
-0.0947901
-0.000160127
0.22308
-0.000169755
-0.155739
0.00039149
0.189592
-3.62476e-05
0.0522899
-0.000504336
-0.223322
0.000444012
0.00225324
5.75105e-05
0.102607
-0.00012814
0.0534775
0.000101624
-0.0684328
-0.00041854
-0.0682429
0.000233112
-0.00645025
0.000327469
-0.198867
-0.000438077
0.240496
0.000106521
-0.0649308
0.000276369
0.0726199
-0.000211457
0.0176901
-0.000131009
-0.0644963
0.000157816
0.182856
-0.000146865
0.0252012
0.000337097
-0.0975623
-0.000330362
-0.226409
0.000232744
0.178018
-8.5097e-05
-0.0578561
-7.21166e-05
-0.0881783
-0.000107078
0.16215
2.72687e-05
-0.104553
0.000313607
0.0644313
-4.90994e-05
-0.110556
-0.000221798
0.0405634
-0.000293271
0.107325
0.000619286
0.079417
-8.03078e-05
-0.0137589
-1.53874e-07
-0.0106664
-0.000670818
0.0246056
0.000587954
-0.277105
6.96247e-05
0.201804
-8.49347e-05
-0.186046
-0.000245652
0.0165401
0.000412491
0.131538
-0.000453477
0.0358433
0.00017291
-0.103085
0.00010928
-0.0266456
-0.000236867
0.151294
0.000404712
0.0623994
-0.000167018
-0.0282721
-0.000101361
-0.210314
-0.000133123
0.226221
0.000235926
-0.0672794
0.000143747
-0.0189199
-0.000583802
0.0281945
0.000472184
-0.265508
3.90076e-05
0.0613352
8.76289e-06
0.0472936
-0.000501326
0.11618
0.000298454
0.00830633
0.000342095
0.142692
-0.00033732
-0.181198
-0.000120259
0.0927974
0.000350862
-0.114734
-0.000275905
0.164263
0.00010869
-0.170059
5.30091e-05
-0.0106404
4.68987e-05
0.191785
-0.000275312
-0.229587
0.000192276
-0.0567196
-0.00039178
0.0646016
0.000622591
0.0498402
-1.51395e-06
-0.00543693
-0.000256429
0.0814771
-0.00037704
-0.0328582
0.000402485
0.16969
0.000111784
-0.131972
2.50568e-06
0.0335674
-0.000399989
-0.102833
0.000461268
0.0408882
-0.000362457
-0.0547348
0.000413537
-0.212422
-0.000399795
0.294573
-0.000146626
-0.0302098
0.000528009
-0.0189948
-0.000104607
-0.0255776
-0.000385963
-0.0576883
0.000313981
-0.0285915
3.6452e-05
0.304362
-7.10794e-05
-0.0384209
-7.00189e-05
-0.00935639
-1.41426e-05
-0.239335
9.05419e-05
0.185917
0.000155757
-0.174039
-0.000609572
0.026304
0.000697296
-0.0720157
-0.000304685
0.0338108
0.000198957
0.169907
-0.000338635
-0.157581
3.85356e-05
0.0990945
-6.74325e-05
0.103148
0.000588136
-0.1323
-0.000338038
0.0375124
-7.47864e-05
0.093
-0.000183373
-0.0978727
0.000388041
-0.00325665
-0.000289174
-0.0187998
-4.54926e-05
0.0577836
0.000448396
-0.19852
-0.000252338
0.125079
-0.00040254
-0.235295
0.000365586
0.242447
0.000376523
0.0530748
-0.000558916
0.0662578
8.95828e-05
0.0306093
-7.15871e-05
-0.122035
0.000447411
0.0427344
-0.000272146
-0.0744315
-0.000122935
-0.078219
5.26632e-05
0.216964
0.000187184
-0.038248
-0.000122074
-0.234917
-3.66482e-05
-0.0220401
-0.000241674
0.198429
0.000276329
-0.0726202
0.000274935
0.0116808
-0.000264978
0.0407963
-0.000240785
-0.0531105
0.000400169
0.273428
-0.000287389
-0.179051
5.11757e-05
0.1145
-1.16904e-05
-0.239646
0.000352053
0.0675192
-0.000287572
-0.046418
-2.98321e-05
-0.0325587
-0.000186159
0.000875413
0.000117194
0.0783091
0.000442652
-0.0160244
-0.000303337
0.0999723
-0.000421347
-0.108526
0.000521483
-0.0848063
-4.65017e-05
0.201645
-3.33013e-05
0.0874876
-6.5724e-05
-0.176637
-1.34741e-05
0.229756
-1.8088e-05
-0.263614
-4.98384e-05
-0.0249601
0.000158619
-0.127976
1.6126e-05
0.186463
-0.00019653
-0.0198089
0.00032161
-0.0754103
-0.000509956
0.113441
0.000400248
-0.00601029
-8.23232e-05
0.0584571
-3.11115e-05
0.000363107
-0.000133691
0.0189739
0.000342005
-0.0600719
3.89981e-05
0.0222706
-0.000373998
-0.161317
-9.13398e-05
0.25775
-2.69601e-05
-0.0916095
0.000982913
-0.185302
-0.00106976
0.04407
0.000183445
-0.10877
0.000314024
0.196738
-0.000117421
0.066612
-0.000173038
-0.0373818
0.00023456
0.0273285
-0.000104226
0.104886
8.7354e-05
0.00123154
-0.000236351
-0.320428
0.00016613
0.148491
5.92427e-05
0.0348464
7.19174e-05
0.00634489
-6.67821e-05
-0.0819822
-0.000390469
0.0321835
0.000115822
-0.162953
0.0004954
0.20623
-0.000150196
-0.131579
-0.000343182
0.254422
0.000220538
-0.16504
1.91804e-05
0.0410301
2.49288e-05
0.153756
-0.000153636
-0.116852
-6.39533e-05
0.0025143
0.000374268
-0.0545578
-0.000233107
-0.0785269
2.50753e-05
-0.124065
-1.36136e-05
0.133072
-0.000165829
0.070499
0.000224281
0.0108863
-7.70798e-05
0.0435652
-2.16491e-05
-0.154394
0.0002263
0.0640177
-0.000230095
0.139635
-0.000207684
-0.0948019
0.000387529
0.0893987
0.000195924
0.0545327
-0.000572821
-0.218242
0.000191601
0.0579255
-0.000148257
-0.138806
0.000365891
0.165033
-4.47801e-05
-0.267713
-3.98277e-05
0.189724
-0.000375877
0.161272
0.000342096
-0.0594097
7.26074e-05
-0.094331
-0.000336791
0.0961382
0.000191169
0.0746009
0.000382514
-0.0718774
-0.000318022
0.0194395
-0.000386776
-0.213226
0.000346743
0.138344
0.000182917
0.103632
-0.000112749
-0.144194
-0.000361265
-0.0529857
0.000271799
-0.0343367
0.00027176
-0.0257335
-0.000271486
0.235592
-0.000113643
-0.102058
7.58493e-05
0.231828
0.000129508
-0.106414
-1.5942e-05
-0.0428416
9.64856e-06
-0.118801
-0.000240099
0.0492607
0.000146543
0.0630107
9.29606e-05
-0.162366
0.000313138
0.107404
-0.000878608
-0.0454962
0.000574763
-0.033624
-2.85736e-05
-0.0189565
-0.000267642
0.21885
0.000421145
-0.250324
4.35134e-06
0.163347
-0.000274946
0.118713
-0.000111023
-0.088808
7.93251e-05
0.0347387
0.000224817
-0.0643728
7.52167e-05
-0.0401794
-0.000342365
0.000449136
8.58818e-05
-0.181941
8.46924e-05
0.144899
1.90557e-06
-0.0846428
-1.29702e-05
0.138509
-0.000180456
0.0555422
0.000191833
0.0343051
0.000155789
-0.121481
-0.000326101
-0.10186
4.24776e-05
0.207175
0.000384981
0.0570153
-0.000380967
0.0387452
0.000190084
-0.246972
-0.000445147
-0.00303424
0.000581655
0.0187549
-0.000184955
0.0638102
-0.000165382
-0.290801
7.30584e-05
0.316873
0.000124145
-0.0212914
7.63413e-05
-0.0837916
-0.000114077
0.198607
-0.00064636
-0.0829384
0.000850503
0.0550755
0.000118713
-0.0568979
-0.000263875
-0.0558502
-0.00059108
-0.0239278
0.000869479
0.0133237
-0.000718102
0.0801496
0.000538
-0.132486
-0.000269705
-0.00890363
0.000192184
0.0174854
-0.000286066
-0.009768
0.000194333
-0.000536667
-2.22473e-05
0.0687919
7.42647e-05
0.18081
-8.58398e-05
-0.0779804
2.4699e-05
0.0521675
-0.000170669
-0.134062
0.000174316
-0.0948871
8.04743e-05
-0.0382918
4.14459e-05
0.193594
-0.000332123
-0.171964
0.000136968
0.192178
0.0001421
-0.371594
-4.24394e-05
0.306347
-0.000419554
-0.00875745
0.000593435
-0.037916
-5.34621e-05
0.081121
-0.000146425
-0.0213372
-0.000275286
-0.0495603
0.000499091
0.120593
-0.000474379
0.0790674
0.000316973
-0.238849
-0.000153974
-0.11008
0.000210218
0.109188
-0.000109146
-0.0490341
-6.14619e-05
-0.0103964
-0.000236835
0.0396984
0.000177436
0.174232
0.000544343
-0.0445936
-0.000522596
-0.0477126
-0.000259686
-0.0476041
0.000303038
0.0508588
0.000268875
0.102597
-0.000107357
-0.0658928
-0.000192792
-0.0980601
-0.000277125
0.186423
0.00048452
-0.273624
-0.000118339
-0.0051654
-0.000135725
0.00953383
0.000150963
0.0327617
3.70916e-05
0.213368
-0.000125272
-0.212941
2.90875e-05
0.189324
-0.000315667
-0.0706771
0.000707882
0.08864
-0.000456959
-0.0367752
-6.6006e-05
0.0213894
0.000308982
-0.272
-6.90587e-05
0.132931
-0.000262368
0.0674075
9.16555e-06
-0.0557646
0.000206842
0.0324839
3.46994e-05
-0.0833042
-0.000123279
-0.0905669
5.81793e-05
0.0969894
-4.817e-05
0.193411
-0.000171994
-0.0486656
0.000477337
-0.0198981
-0.000253463
0.11972
-0.000255955
-0.121325
0.000284634
-0.10529
0.00010343
0.0494662
-0.000495115
-0.178174
0.00058792
0.22749
-0.000103512
-0.133071
-0.000269615
0.0986023
-8.91067e-05
-0.0614802
-8.5974e-05
-0.0675539
0.00078506
0.22637
-0.000377479
-0.0708811
-0.000327946
-0.00078123
0.000116933
-0.0208614
0.000226214
0.120033
-8.68878e-05
-0.0765414
-0.000105687
-0.0641161
-2.46338e-05
-0.0663516
7.59098e-05
0.117875
0.000217312
-0.223757
-0.00020574
-0.0952179
-0.00023404
0.332882
0.000169574
0.0349082
0.00036144
0.00348274
-0.000466776
-0.108502
0.00010988
0.0330362
0.000114696
-0.0751916
0.0001652
0.199285
-0.000539837
-0.0999839
0.00051555
-0.0600915
-0.000181235
0.0747042
2.84577e-07
-0.161697
-0.000121501
-0.0120472
-0.000139224
0.121083
0.000445712
-0.217203
-1.37231e-05
0.227121
-0.000156896
-0.0638884
-0.000304261
0.224481
0.000306364
-0.161793
1.92586e-05
0.0571617
-0.00016428
0.00870236
0.000339639
-0.0558431
-0.000189381
-0.0295932
-5.9013e-05
-0.050849
-0.00020535
-0.063241
0.000309174
0.0760454
-2.16421e-05
0.104398
-2.59155e-05
-0.131873
-0.000172804
0.0196634
0.00010391
-0.111299
0.000104875
0.22954
2.27943e-05
-0.0591696
1.89928e-05
0.132935
-0.000387212
0.0294908
0.000138308
-0.0956855
0.000671751
-0.166962
-0.000755824
0.0521857
-8.01049e-05
-0.0320194
0.000462091
-0.064367
0.000123431
0.258744
-0.000425421
-0.282948
7.946e-06
0.019345
-3.37554e-05
0.255321
0.00039225
-0.0701955
-0.000366563
-0.00321203
0.000363247
-0.127079
-0.000240345
0.177808
-2.90206e-06
0.0538028
2.59856e-05
-0.133488
-0.000229526
-0.00312876
0.000263827
-0.0527431
0.000242852
0.0485253
-0.000304173
-0.214206
-0.000236283
0.110592
0.00030985
0.0413793
-0.000128153
0.0448778
0.000473879
0.0554444
-0.000780952
0.167869
0.00036348
-0.224705
0.000224389
0.0234098
-0.000270177
-0.0834778
-1.39468e-05
0.173283
0.000316934
-0.0438247
-0.000267546
-0.0264102
-0.000186698
-0.104047
0.000265822
-0.0455345
-0.000110162
0.0278798
0.000201878
0.0411882
-0.000174566
0.000939313
-7.38522e-05
0.0023663
0.000232564
0.219491
-2.58249e-05
-0.271476
-0.000209201
0.313076
-0.000151472
-0.12576
0.000364664
-0.0942813
0.000293493
0.0489804
-0.000527586
-0.191447
4.23931e-05
0.0436143
-6.11128e-05
0.111164
0.000114991
0.0451533
0.000287776
-0.151632
-0.000299487
0.0126216
-0.000169482
0.0884352
0.000295052
-0.0269069
7.8296e-05
0.0842563
-0.000233888
-0.0221103
-6.19706e-05
0.0834345
0.00042974
0.0407175
-0.000342353
-0.114279
-0.000172938
-0.145365
8.09161e-05
-0.0896442
0.0005496
0.127109
-0.000336845
0.133442
-0.000350534
-0.190346
0.000228149
0.0415894
0.000154478
0.123965
-0.000206281
-0.0311786
0.000221912
-0.00763616
-0.000184318
0.0928756
0.000181571
-0.0162828
-0.000174672
-0.124842
0.000328187
0.0159785
-0.000759475
0.186128
0.000712524
-0.151056
-0.000216035
-0.169308
2.08981e-05
0.145775
-0.000138469
-0.273578
0.000377499
0.354781
-0.000537712
-0.192384
0.000294659
0.264902
-0.000172248
-0.0184183
0.00059239
-0.0590466
-0.000595287
-0.112648
-4.24684e-05
0.124913
9.69352e-05
-0.0696695
0.000487189
-0.0218057
-0.000353078
0.0591042
-0.000188966
-0.118646
-1.9646e-05
0.033347
0.000143251
0.00960284
0.00021085
-0.130673
-0.000291308
0.0791461
0.000268647
0.114963
-0.000247286
0.0653163
0.00010785
-0.0127675
7.13337e-05
-0.0758904
-0.000513221
0.083025
0.00080814
-0.00876224
-0.000304978
-0.0115346
-0.000212955
-0.166138
8.73544e-05
-0.12658
0.000116616
0.183808
-0.000153098
0.0941641
0.000251189
-0.0883789
-0.00049152
0.0240788
0.000318957
-0.0723143
0.000382538
0.0721726
-0.000476903
-0.0155554
-0.000140832
0.14806
0.000269402
0.0161097
0.000276912
-0.1128
-0.000387926
0.142369
-0.000146336
-0.377529
0.000300759
0.177836
-1.95466e-05
0.00993576
-0.000166026
-0.158077
0.000312975
0.113891
-0.000155468
0.101838
-0.000257234
-0.00896096
8.16359e-05
-0.0863856
0.000145986
0.168674
0.000161802
-0.0832505
6.84804e-06
0.0857382
-0.000294468
-0.228715
-3.96721e-05
0.269213
8.79085e-05
-0.126651
0.00027562
-0.114315
-0.000183588
0.0456218
-0.000315196
0.0568932
0.000302481
-0.176027
0.000362905
0.0214698
-0.000673256
0.039241
0.000189349
0.209193
0.000262724
0.0392149
-0.000107546
0.0188007
-0.000129096
-0.203023
-4.40543e-05
-0.0322941
0.000321475
0.126373
-0.000276697
-0.041435
0.000252238
0.0210305
-0.000417319
-0.131119
0.000298791
0.00115933
2.39091e-05
0.0861261
-0.000215339
-0.0840994
4.66017e-05
0.0386183
9.54754e-05
-0.0246466
0.000266312
0.19378
-0.000202869
-0.0869477
-0.000262142
0.0267939
-0.000143546
0.130679
0.000601461
-0.236009
-7.01127e-05
0.164324
-0.000251633
-0.244772
-6.67767e-05
-0.0064389
0.000174962
0.0978453
-0.000152057
-0.00465324
0.000167117
-0.0647588
-0.000149292
0.204903
0.000182226
-0.100787
-0.00011054
-0.0473847
-0.000191823
0.0675396
0.000363399
-0.0600122
-7.56977e-05
0.239526
9.82626e-05
-0.137157
-0.000647873
0.0800051
0.000570344
-0.235872
0.000162003
0.0220035
-0.000464702
-0.0774017
1.99784e-05
0.0632275
0.000500453
0.0744735
-0.000459773
0.0700106
0.000189472
-0.214897
-0.000139632
0.166626
-0.000100662
0.177544
0.000271786
-0.0365425
0.000233614
-0.296687
-0.000553526
0.22565
0.000351718
-0.0494657
-0.000195017
-0.0259235
0.000162837
0.0244727
-0.000327859
-0.0798688
0.000152638
-0.0118853
0.00055391
-0.0872939
-0.000541414
0.126937
-0.000307921
-0.106392
0.000468291
0.152682
6.19787e-05
0.111572
1.9513e-05
-0.00845042
-0.000349198
0.025045
6.25463e-05
-0.264941
0.000166856
0.178009
3.786e-05
-0.0951847
0.000102584
-0.0560601
-0.000309942
0.132517
-3.50073e-05
-0.0721015
0.000228875
-0.077436
-3.61592e-05
0.0578589
-0.000249378
-0.0884967
0.000380812
0.171678
3.57083e-06
0.0884853
-0.000361575
-0.173329
0.000295918
0.160342
-0.000212176
-0.0820286
0.000225717
0.129249
-0.000266494
-0.147603
0.000149327
-0.0284949
0.000158335
-0.149452
1.12863e-05
0.0234491
-0.000443006
0.0982681
4.68486e-05
0.037385
0.000506592
0.0928594
-0.000283472
-0.119887
4.53643e-05
-0.0153085
-0.000301944
0.0460362
0.000506201
0.159112
-0.000313791
-0.159558
0.000176413
0.0294534
-0.000284562
0.112094
0.00040995
-0.096946
-0.00031738
-0.113627
-0.000195222
-0.0820879
0.000302337
-0.0414466
0.000332287
0.266541
-0.000399524
-0.119719
-5.31381e-05
0.0306278
-9.50732e-05
-0.00698585
0.000111794
0.246026
0.000390442
-0.307456
-0.000253788
0.220884
-0.000245233
-0.0496355
9.63419e-05
-0.172979
0.000484437
0.0964758
-0.000520578
-0.0441611
-0.000226446
0.0695815
0.000539746
-0.103405
-7.16256e-05
0.0102531
-0.000227122
-0.0124776
0.000152129
-0.129692
-1.06925e-07
0.185262
-0.000160245
0.30126
0.000161463
-0.254473
9.15147e-05
0.088826
-0.000301486
-0.120394
0.000386818
0.00572739
-0.000486729
-0.0149204
0.000427874
-0.0421896
-0.000173118
0.0152912
0.000106971
-0.0341557
4.89701e-06
0.0574233
-0.000479288
-0.0659725
0.000242472
0.0933054
0.000567485
-0.0967672
-0.000461052
0.103808
-2.49254e-05
0.0472825
5.89283e-05
0.0566203
4.92816e-05
-0.050219
-0.00018326
-0.0534541
0.00010868
0.00876212
8.70504e-05
-0.0148839
0.00023275
0.000975074
-0.000607334
-0.299388
0.000284121
0.175594
6.5707e-06
0.112414
0.000281637
0.0623601
-0.000417032
-0.0139479
-7.25336e-06
-0.0711844
8.85645e-05
0.0283888
0.000623269
0.0266403
-0.000913553
-0.00564165
0.00042404
-0.0110374
-0.000132049
0.195487
0.000209393
-0.219549
-1.8222e-05
-0.167265
-0.000393837
0.162098
0.000179921
-0.177462
0.000249626
0.227169
2.71541e-06
-0.152684
-0.000189693
0.0762016
-5.97409e-05
0.119264
-2.0195e-05
-0.0140604
0.000143537
0.0502422
4.73502e-05
-0.0683802
-0.000124787
-0.0420414
0.000285048
-0.0314488
-0.000196698
0.00687631
-0.000402242
0.0829715
0.000333203
-0.19931
0.000335609
0.0447302
-0.000386934
0.202256
-7.9876e-05
-0.28371
0.000216696
0.0634125
3.45351e-05
0.0829246
-0.00026068
0.111911
0.000438658
-0.0554499
-0.000420944
0.266848
9.61194e-05
-0.279151
0.000120818
-0.0636991
-2.33352e-05
-0.0967504
-0.000185854
0.188866
0.000313909
-0.0942974
-4.50573e-05
0.0145715
-0.000381505
-0.0911219
0.000139525
0.0938371
0.000342015
0.0183129
-0.000227711
-0.00514864
-0.000244305
0.0588189
0.000339901
-0.0763364
0.000225335
0.198145
-0.000288887
-0.154818
-0.000365936
0.0334659
0.000121406
0.0406393
0.000576424
-0.0189978
-0.000197829
-0.225929
-0.00037274
0.0054147
0.000236247
0.0379087
-0.000253668
0.0940308
0.000512936
0.10294
-0.000394631
-0.199644
6.84179e-05
0.290283
4.46368e-05
-0.123764
0.000132527
-0.0707546
-0.000370093
0.0723522
0.000389481
-0.103707
-2.41862e-05
0.222641
-0.000208582
-0.135111
9.19669e-05
-0.0514361
-0.00029008
-0.0918918
0.000382116
-0.0664396
3.31825e-05
0.101778
-0.000136167
0.0634804
-0.000111053
0.0763545
0.000139088
-0.129634
-3.29647e-05
0.102751
8.81927e-05
0.131056
-0.000426411
-0.097979
0.000625538
-0.0120057
-0.000171474
-0.0666142
-0.000247278
-0.105118
0.000226263
0.0979726
-0.000257405
-0.0177061
0.00025462
0.042577
-0.000272388
-0.0383026
0.000229067
-0.103281
0.000181204
0.0332189
-0.000280962
0.192604
-0.000216374
-0.193952
0.000372222
0.211495
4.54235e-05
0.127278
-0.000183621
-0.153129
0.000254841
-0.193387
-0.000771313
0.172705
0.000628121
-0.164062
0.000360574
0.0306585
-0.000393385
-0.0539532
-0.000488634
0.151038
0.000515641
-0.0731858
8.72391e-05
0.043877
-0.000279112
-0.0377446
-7.34969e-05
-0.0260726
0.000577279
0.20299
-0.000433865
0.00777242
4.5049e-05
-0.184712
-0.000164754
0.00453407
0.000239058
0.210421
-3.71658e-05
-0.231461
4.75903e-06
0.14093
-0.000179249
-0.372842
0.000259181
0.213095
-8.70213e-05
-0.0567253
-2.23806e-05
0.123589
-0.00024666
0.171744
0.00035364
-0.156198
-8.28405e-05
0.0521073
0.000116656
-0.0877829
-0.000324996
0.0901511
0.000127167
-0.0210068
0.000220399
-0.0228028
-0.000171839
0.00102826
5.08109e-05
-0.0199957
-0.000224967
-0.0347526
0.000212269
-0.132103
-0.000211051
0.0883902
0.00033045
0.0269465
-4.93628e-05
-0.00367866
-5.03068e-05
0.142267
-9.8e-05
-0.030578
-0.000334248
0.0189747
0.000473975
0.0220678
0.000305633
-0.0564515
-0.000507418
-0.00135425
-0.000116465
-0.0993765
0.000336613
-0.064082
-7.85479e-05
0.145603
-1.86351e-05
-0.0940767
-0.000163782
-0.023911
3.11918e-05
0.191141
0.000334845
-0.138728
-0.000222578
-0.101554
-5.55228e-05
0.0913371
-1.5518e-05
0.179628
0.000137987
0.145873
7.75674e-05
-0.199923
-0.000199353
-0.166108
-0.000256764
0.137999
0.000650601
-0.118536
-0.000361499
-0.00729334
-7.31488e-05
0.0164326
-4.89386e-05
-0.00262412
0.00052602
-0.0047249
-0.000483572
0.118046
-0.000265824
-0.0130739
0.000322382
-0.0839829
0.000500938
0.122115
-0.000516137
0.0532577
-1.83978e-05
-0.216946
0.000246811
0.25863
-0.000599363
-0.103481
0.000650302
-0.181313
-7.68217e-05
0.200147
-0.000303497
-0.224349
0.000271918
0.0829796
-0.000173752
-0.184066
-5.7053e-05
0.289157
0.000230737
-0.0231803
-6.71067e-05
0.0892149
3.53936e-07
0.00341298
-0.000289205
-0.0969349
0.000335847
0.00687499
4.63186e-05
-0.0913204
-1.68221e-05
0.149934
-0.000322759
-0.0868146
0.000190754
0.105737
4.89677e-05
-0.253557
0.000110149
0.0551226
-0.000413319
-0.0123338
0.000176949
0.0679444
0.000302788
0.0565219
-1.9395e-05
0.0311452
-0.000338087
-0.110675
-5.011e-06
0.198247
0.000126205
0.00906464
0.0001812
-0.0026316
-0.000184614
-0.209143
-5.10441e-05
-0.0774691
0.000365335
0.184557
-0.000438463
-0.0658299
2.54182e-05
-0.127709
-6.38935e-06
0.155041
0.000296187
0.00567542
-6.09758e-06
0.00490837
-0.00028567
-0.0805397
4.08653e-05
-0.00947522
-0.000130278
0.223419
0.000806888
-0.0888901
-0.000766412
0.0766941
1.56947e-05
0.00995921
3.79106e-05
-0.195566
0.000412664
-0.063215
-0.000475271
0.0187826
0.000241346
0.0170504
9.63105e-06
0.0622052
-8.07387e-06
-0.0229791
-0.000266794
0.0387959
0.00014428
-0.0518049
0.000235947
0.152987
-0.000149754
-0.0607939
-0.000227229
0.0534745
0.000447742
-0.0738042
-8.47878e-05
-0.0374487
-0.000425525
0.133625
0.000328141
-0.210358
-0.000226352
0.190288
0.000219125
-0.0876056
0.000218992
-0.339086
-0.000332754
0.275801
-0.000169746
0.0338419
0.000131421
0.0819809
0.00044586
-0.0328706
-0.000396428
0.152751
-0.000177754
-0.203957
0.000382985
0.115022
-0.000107188
-0.044365
-0.000167301
-0.132394
0.000204379
0.0658706
1.21627e-05
0.049813
-0.000157653
0.0466588
0.000121697
-0.254095
-0.000482514
0.112055
0.000512222
-0.120495
0.00036452
0.315902
-0.000608259
-0.112213
5.84595e-06
-0.0278213
0.000110374
0.080747
0.000119576
0.100299
3.19738e-05
-0.138535
-0.000282354
0.0249437
0.000129706
-0.0992709
0.000251733
0.0197794
-0.000178485
-0.165749
-0.000200467
0.0731217
0.000146938
0.224482
-0.000123754
-0.132384
0.000418006
0.0268549
-0.000453254
-0.0823309
0.000252769
0.0709155
-5.17824e-05
0.065981
-3.384e-05
0.00270306
-6.90556e-05
0.109658
0.00016576
-0.0715546
5.69073e-05
-0.183591
-0.000173707
0.0939706
-0.000464029
-0.133428
0.000809126
0.0593843
-4.01025e-05
-0.0625596
-0.000414893
0.0921696
-6.7504e-06
0.0508483
0.000113966
0.0457924
7.56205e-05
-0.0168263
-0.000143948
-0.0561605
0.000338327
0.0745928
-0.000310064
0.0177352
0.000195506
0.0311571
-0.00024505
-0.220471
9.38146e-05
0.0559645
-6.30417e-05
0.186078
0.000205246
-0.237627
1.86052e-05
0.0706109
-0.000336059
-0.162235
9.41034e-05
0.0633736
0.000323519
0.188131
-3.61515e-05
0.0225072
-0.000522476
0.135498
0.000213111
-0.230611
0.000558961
0.0789187
-0.000497343
-0.0242416
-8.65781e-05
-0.0799964
0.000174178
-0.067041
1.42338e-05
0.275666
0.000112595
-0.253425
-0.000105658
-0.0662699
-0.000426694
0.136426
0.000446444
-0.0335251
4.75175e-05
0.0350342
4.26121e-05
-0.0133262
-0.000274914
0.0793309
0.000317468
-0.0114004
-0.00038251
0.204123
7.10193e-05
-0.287742
0.000146356
0.0982188
0.00024587
0.0121001
-0.000286547
-0.231794
-0.000125024
0.0786379
8.5799e-05
0.0350449
4.06081e-05
-0.0194844
0.000155089
0.0358176
-0.000125437
0.09481
-0.000421217
0.0244729
0.000835522
-0.118578
-0.000515891
-0.0772903
1.77585e-05
0.233442
9.70441e-05
-0.0248299
5.36074e-05
0.137034
-1.87707e-05
-0.319735
-0.000274878
0.0355817
0.000124003
-0.0717557
0.00030628
0.0443788
-0.000121693
0.0590349
-0.000452776
-0.0957215
0.000634426
0.0837841
-0.000334602
0.0987985
4.94002e-05
-0.00120634
-0.000159381
-0.0139024
0.000182031
0.00231188
3.14476e-05
0.0196722
0.000318574
-0.0751252
-0.00047295
-0.0333013
-0.000165351
0.04437
7.49517e-05
0.0183188
0.000549689
-0.0840868
-0.000174548
-0.0194084
-0.000629124
-0.0206604
0.000634199
-0.0881641
-0.000161432
0.298513
-4.06565e-05
-0.15248
-2.32606e-05
0.183237
0.000128934
-0.067912
-5.12334e-05
0.10066
-0.000168599
-0.1514
6.60689e-05
-0.245389
0.000251103
0.261509
-6.07249e-05
-0.014958
-0.000324827
-0.0766212
0.000282973
0.000182204
-0.000316907
-0.00841417
0.000399764
-0.0582028
-0.000157516
0.0875946
-0.000119425
0.0810529
0.000158879
0.0505783
0.000211913
-0.112864
-0.000360338
0.0139917
-0.000165246
0.180541
0.000369357
-0.11458
7.38107e-05
-0.0283876
-0.000372381
-0.21357
0.000389187
0.0361301
-0.000263124
0.0828466
8.59748e-05
0.0532292
-0.000132408
-0.146327
2.44523e-06
0.271035
0.000209008
-0.0385108
0.000213635
-0.220993
-0.000499118
0.273673
-0.000146465
-0.191685
0.000602196
0.126722
1.51113e-05
0.0750535
-0.000366308
-0.114885
-0.000174887
-0.0905106
0.00020947
-0.00812475
0.00017523
-0.0383504
-7.69051e-05
-0.0443336
1.51927e-05
0.0778336
-0.000134619
0.108465
-4.15387e-05
-0.00395601
0.000297223
0.0336699
-0.000389074
-0.0923234
0.000232802
0.119849
6.18203e-05
0.0578708
2.48656e-05
-0.206703
-8.2936e-05
0.0765071
-0.000269258
-0.186256
0.000358184
0.230663
-3.75262e-05
-0.0813417
-0.000300302
0.0472437
8.54267e-05
-0.2614
0.000637006
0.157014
-0.000715219
0.000285737
-2.25167e-05
0.172526
0.000401971
-0.0596835
-0.000155198
0.169843
8.39582e-05
-0.16024
-0.000195759
-0.0938141
3.49032e-05
0.0819079
0.000133565
-0.0705051
-8.27757e-05
-0.0722036
6.94486e-05
-0.0011569
3.76486e-05
0.132357
-0.000294502
0.0328279
0.000290413
-0.302223
-0.000414823
0.278119
0.000474219
-0.0356041
0.00019279
0.0782712
-0.000330647
-0.0514938
-0.000313665
0.0147167
0.000164557
0.0930549
0.000460845
-0.12319
-0.000304903
0.0282337
-0.000156102
-0.108817
-3.04386e-05
-0.0212416
0.000529256
-0.0289403
-0.000496001
-0.0119046
8.89277e-05
0.038353
-4.54888e-05
0.263438
2.60392e-05
-0.12679
0.00033748
-0.0144114
-0.000341428
-0.0680555
-0.000164666
0.00823865
0.000528966
0.115581
-0.000342212
0.0713624
-8.68438e-06
-0.124517
6.47924e-05
-0.135373
7.22933e-05
0.0503927
-0.000285197
0.000546963
0.000255001
-0.0362623
-6.84824e-05
-0.122452
0.000119283
0.34448
-2.98635e-05
-0.254227
-2.00872e-06
0.25691
-0.000522495
0.00361322
0.000532239
-0.182521
0.000233131
0.152609
-0.000288068
-0.0864212
-0.000145537
-0.0617303
0.000121427
0.00185868
3.28679e-05
0.0108767
-0.000138452
-0.0808705
1.90224e-05
0.129338
0.000305014
-0.0448129
-0.000202217
-0.0965278
-0.00028648
0.0522081
0.000290678
-0.0204849
0.000285779
0.231251
-0.00037505
0.0921946
-5.71043e-05
-0.245462
-4.94653e-05
0.0869404
0.000538072
-0.0651336
-0.000557323
-0.119714
0.000370259
-0.0406338
-0.000452014
0.171647
0.000389402
0.0153164
5.66205e-05
-0.180395
-0.000176485
0.0328284
-0.000471097
0.144975
0.000603954
0.0351691
0.000277345
-0.0745856
-0.000600595
0.0296514
0.00029493
-0.01356
-0.000233194
0.122185
0.000212943
-0.103163
-0.000191151
0.0877598
5.52909e-05
-0.314122
0.00025694
0.16535
-7.16124e-05
-0.0960699
-0.000403753
0.0195577
0.000284164
0.0548004
-8.30701e-05
0.00411197
0.000275173
0.212203
-0.000168742
-0.134819
-0.000193575
0.0594516
4.399e-05
-0.173591
0.000384426
0.0820804
-0.000267337
0.106983
-3.9048e-06
-0.0615195
-2.29172e-05
-0.0281169
-7.30308e-05
-0.0458368
0.000144531
-0.136656
-0.000142405
0.0270971
0.000206715
0.105478
-6.40291e-05
0.0453518
-0.000118551
-0.0478944
0.000207866
0.0525552
-0.000394995
0.124506
0.000428256
-0.0920335
-6.9467e-05
0.0314966
-0.000477099
0.00288077
0.000659023
-0.19231
0.000108386
0.0667507
-0.000705732
-0.00880972
-2.94006e-05
-0.0403171
0.000501736
0.151509
7.46099e-05
-0.0847094
-0.00028118
-0.0961035
-4.7485e-05
-0.02477
-2.23966e-05
0.20579
0.000350857
0.119528
-0.000297316
-0.270603
0.000129049
0.291574
-0.000130788
-0.116259
0.000108509
-0.026238
-7.45293e-05
-0.160032
-1.11422e-05
-0.114229
4.02374e-05
0.218743
0.000236635
0.000815728
-0.000245163
-0.0787133
-0.00018244
0.0265947
-9.14761e-05
0.100105
0.000639383
-0.229267
-0.000181405
0.401953
-0.000491196
-0.184907
0.000514851
-0.0535002
-0.000180487
0.0654296
4.96066e-05
-0.000286295
-0.000291302
-0.0124497
0.00033653
-0.0177698
-0.000158412
-0.126073
0.000131536
-0.0084328
6.90447e-06
-0.0744296
-0.000189863
0.128779
4.70287e-06
0.107464
0.000157436
0.046796
-6.55156e-05
-0.0273663
-8.2848e-06
-0.0308054
0.000221347
-0.018716
-0.000394787
-0.0292588
0.000135314
0.0704235
0.000142362
-0.0558272
3.87571e-05
0.0162064
3.60829e-06
-0.0238268
-0.000522289
-0.153062
0.00026297
0.112889
0.000349787
-0.0487853
-1.96499e-05
0.0166857
-0.00031987
0.0395826
6.79693e-05
0.140058
-7.90474e-05
0.075471
0.00039214
-0.237693
-0.000459812
0.173345
7.22797e-05
-0.111786
0.000448916
0.0924658
-0.00016985
-0.176817
-0.000579841
-0.0902945
0.000484025
0.0729566
8.80519e-05
0.13293
-0.000154313
0.0895649
-0.000189445
-0.316728
0.000232055
0.140191
0.000115245
0.0495745
-0.000158312
0.0446824
-1.45448e-05
-0.0185834
1.82515e-05
0.242778
-0.000217019
-0.248944
0.000680016
0.00806519
-0.000631848
-0.151848
-8.91531e-05
0.15413
0.000352729
-0.219296
0.000121149
0.159641
-0.000235317
-0.00393535
-4.63152e-05
-0.00325298
-1.69698e-05
0.0508098
-2.31427e-05
0.00174535
0.000245307
0.0224026
-0.00026935
0.0667542
0.000589012
-0.17802
-0.000576876
0.229716
-0.000214484
-0.142743
0.000464008
0.00734124
-0.000104745
-0.0610609
0.000110867
0.0329534
-0.000275448
-0.0841554
0.000165736
-0.109736
-0.000127997
0.205764
0.000283734
-0.102356
-0.000201583
0.125097
-0.000111461
0.202378
3.76904e-05
-0.12984
0.00045277
-0.127139
-0.000550777
0.020125
0.000120014
-0.0796621
0.000153689
0.202578
0.000133652
0.0296424
-0.000396202
-0.381912
8.63988e-05
0.243292
7.46271e-05
-0.151684
0.000117496
0.171371
-5.56261e-05
-0.117075
-0.000294684
0.0227968
0.000508556
0.149351
-8.41741e-05
0.0389492
-0.000304299
-0.0761274
-0.000229152
0.0617987
0.000444434
-0.0365127
0.000353181
-0.0969056
-0.000517612
-0.0132594
-3.54734e-05
-0.100244
-1.67798e-06
0.0718988
0.000174498
0.0892287
-3.0712e-05
-0.071623
-4.36297e-05
0.00365093
7.56652e-05
0.114085
-0.000101727
-0.125288
-0.000119612
0.0391095
0.000515265
0.0377871
-0.00056636
0.222337
0.000347077
-0.222819
-9.45831e-05
0.0751659
-0.00024159
-0.0899775
9.62822e-05
-0.173945
0.000536942
0.0135608
-0.000623248
0.124703
8.96306e-05
0.101035
0.00014498
-0.204651
0.000158439
0.161516
-0.000445498
-0.0209229
0.00017557
0.0553649
0.000114279
0.0644783
0.00025491
-0.0946531
-0.000433312
-0.0190968
0.00023739
-0.0774248
-0.000302892
0.184978
0.000227948
-0.085007
2.52905e-05
-0.0688483
-0.000136761
-0.147434
0.000178299
0.0734182
-1.3708e-05
0.0957149
-0.000143254
-0.0504249
-9.66407e-05
0.0214878
0.000152751
0.237374
0.000162603
-0.073961
0.000160843
-0.0545551
-0.000796202
-0.0873209
0.00029541
-0.0186451
0.000743889
0.0565604
-0.000613981
-0.0251497
-1.2754e-05
0.0361335
-0.000131935
-0.177736
0.000226646
0.218588
1.33042e-05
-0.240012
1.5638e-05
0.0439186
-0.000200104
0.223061
0.000377391
-0.0578689
-0.000262667
0.0453259
-4.75366e-05
-0.0635188
-2.14499e-05
0.10006
0.000222585
-0.0711544
-9.399e-05
0.0402825
-0.00016753
-0.164356
0.000307314
-0.0867386
-7.74277e-05
0.0737435
-0.000257271
0.0312236
1.05868e-06
0.0417099
0.000296622
0.155971
-0.000194879
-0.245253
0.000300781
0.0450438
-0.000403289
0.100842
7.55404e-05
0.0150215
0.000178376
0.11139
2.77487e-05
-0.178874
-4.67308e-05
0.0626496
-0.000343269
0.110715
0.000361622
-0.422901
-4.17177e-06
0.242844
-0.000278218
-0.129099
0.000294014
0.0593048
0.000112002
0.102818
-0.000176205
0.0997683
-0.000582631
-0.195122
0.000728456
0.106668
-2.33896e-06
0.0926135
-8.15082e-05
-0.00411469
-0.000132949
-0.134991
-5.56112e-05
-0.0406775
1.30497e-05
0.173653
0.000253313
-0.185446
-9.72152e-05
0.0666408
-0.00049295
-0.0553324
0.000548552
0.00367536
0.000169546
-0.0690913
-0.000458408
-0.00427001
7.69388e-05
0.142382
-5.47758e-05
0.182737
0.000403576
-0.0266071
-0.000287985
-0.137155
-0.000165885
-0.0582843
0.000291828
0.0471455
1.86859e-05
-0.0568867
-0.000350464
0.0804722
0.000378963
-0.138049
-0.000175897
0.0635986
0.000195025
-0.020073
-0.000601353
-0.00472176
0.000442706
0.00213482
0.000150276
0.0270801
-2.23537e-05
0.087446
-0.00011879
-0.114586
-0.000162401
0.310583
2.50633e-05
-0.224589
0.000192013
0.0174633
2.80808e-05
-0.089475
-0.000309199
0.116315
0.000537344
-0.19548
-0.000472022
-0.00564583
-5.85972e-05
-0.00374422
0.000288157
0.072647
-4.38876e-05
0.186685
-0.000112099
-0.0783372
0.000176052
-0.132215
-0.000374646
0.10781
0.000382841
-0.0172749
0.000155714
0.0373059
-0.000383759
0.102367
-0.000104018
-0.0586444
0.000204401
-0.116353
0.000324593
-0.0778417
-0.000441013
0.076705
-0.000192676
-0.217881
0.000434409
0.277643
0.000198
-0.0613164
-0.000450588
0.0438995
6.62048e-05
-0.0625663
-8.83846e-05
0.110946
0.000144155
0.1831
0.000228675
-0.28357
-0.000209845
-0.0187828
7.33763e-05
0.093817
-0.000230737
0.0382409
0.000222983
-0.168415
-0.000201903
0.0713878
1.15807e-05
0.0111369
0.000374518
-0.135958
-9.90741e-05
0.1256
-0.000606267
-0.0617025
0.000496505
-0.0201768
0.00024827
0.260129
-0.000319543
-0.0546797
-0.000215212
0.0255136
0.0003897
0.0366619
-0.00022303
-0.364775
0.000196516
0.227816
-0.000286528
-0.157824
0.000380904
0.218813
-0.000311994
-0.111071
0.000115477
-0.127638
-0.000273361
0.0855925
0.000366003
0.0583241
2.10387e-06
0.00254196
-0.000234224
0.0392822
0.000149913
-0.0468557
8.47528e-05
0.120141
-0.000114414
0.00633832
-1.66375e-05
-0.133054
-0.000240487
0.13181
0.000224296
-0.121652
0.000459708
-0.132531
-0.00044931
0.0129118
-0.000208737
-0.00345606
5.12991e-05
0.129283
0.000298875
0.011524
5.42392e-05
0.0901033
-0.000247033
-0.174963
-4.79233e-05
0.147513
5.38946e-05
-0.0489896
0.000372863
0.0201417
-0.000496784
-0.0278145
0.000287249
0.061997
-0.000213854
-0.0236616
0.000436056
-0.0413764
-0.000864009
-0.125222
0.000638908
-0.191736
0.000245215
0.324945
-0.000503577
0.0271722
0.000193095
-0.0878715
-8.61925e-05
0.00253213
-9.19686e-05
0.180947
0.000346337
-0.0975482
-0.000254311
-0.00294988
2.22568e-05
0.0899785
6.26578e-05
-0.174897
0.000192745
-0.0549881
-0.000347414
0.0406638
-2.80175e-05
0.103012
4.63116e-05
-0.0334323
0.000396412
-0.150956
-0.000425406
0.0654135
3.54511e-05
-0.0351599
0.000340744
0.135234
-0.000264855
-0.0405712
-0.000335423
0.218408
0.000615852
-0.154761
-6.90789e-05
0.0894481
-0.00023161
-0.136717
-0.000274318
-0.144309
0.00034601
0.121553
0.000264902
0.00313325
-0.000247446
-0.0760599
-0.000145921
0.0105378
-8.04587e-05
0.132821
-9.35953e-07
-0.122645
0.000570611
0.0287421
-0.000497529
0.0615517
9.37109e-05
-0.0117772
5.333e-05
0.186783
0.000101964
-0.167754
-0.00036694
-0.0459841
0.000304012
0.104268
-0.000235073
-0.0985713
0.000451325
0.0287605
-0.000337599
-0.183243
-0.000140098
-0.00398522
0.000246753
0.0171896
5.71371e-05
0.308683
-0.000234488
-0.0841425
-2.06894e-05
-0.0559361
0.000239764
0.00837251
5.09428e-05
-0.0561742
-0.000174589
0.163761
-0.000127428
-0.184443
0.000129046
0.171426
0.000256632
-0.0571616
-0.000223547
-0.162194
-0.000284633
0.0655944
0.000246976
-0.0907755
0.000160418
0.00613247
-0.000263274
0.156285
0.000378904
-0.236003
-0.000287292
0.445388
-8.34758e-05
-0.208629
-5.71622e-05
-0.0218395
0.00031246
0.0603947
-0.000186521
0.0659659
0.0004258
-0.190678
-0.000535519
-0.0455111
-5.48476e-05
0.102152
0.000128217
-0.0282151
0.000467857
-0.0924139
-0.00046475
0.119352
-0.000385808
-0.00623739
0.000822238
-0.126301
-0.000221947
0.135711
-0.000273595
-0.105157
4.16626e-05
0.247315
0.000203699
0.0405144
-4.94291e-05
-0.00521274
-4.41408e-05
-0.294219
-0.000183437
0.0299882
0.000291587
0.020891
-0.000108539
0.0740889
-6.3999e-06
-0.103785
5.02004e-05
-0.0173075
-0.000159031
0.10101
1.26874e-05
-0.0327113
0.000331692
0.076674
-0.000621578
-0.0365373
0.000505688
0.0363106
0.000240931
-0.0546633
-0.000401574
0.195427
-0.00015675
-0.170263
-1.13101e-05
0.00773527
0.000333405
0.0114524
0.000109626
-0.0774399
-0.000353078
-0.0721317
8.27675e-05
-0.0129927
-4.97381e-05
0.0390295
0.000143665
0.0443818
-5.7949e-05
0.164049
-7.80223e-05
-0.108422
0.000234258
0.155994
-0.0002728
-0.132184
4.44264e-05
-0.122977
0.000110266
0.116079
0.000264476
0.0899895
-0.000498015
-0.0875127
6.97465e-05
-0.0672192
0.000179475
0.0376567
-0.000143522
-0.19157
0.000383342
0.128162
-0.000752228
-0.0499885
0.000679862
0.200902
-8.82458e-05
-0.0168938
-8.85878e-05
-0.114575
-0.000296248
0.101969
0.000203198
0.14237
4.13875e-05
-0.065268
0.000343989
-0.260245
-0.000416773
0.0806679
-0.000123827
-0.0202042
0.000357507
0.0902945
-0.00013421
-0.111727
-0.000308039
0.0744348
0.000258865
-0.0127952
0.000481454
-0.0932133
-0.000628083
0.221564
-9.37329e-05
-0.182137
0.000374316
0.0791395
7.39955e-05
0.219936
-0.000201363
-0.0593544
6.10114e-05
-0.171986
-0.000246924
0.0183917
0.00010926
-0.0887034
0.00035456
-0.113372
-0.000154171
0.250026
-0.000258906
-0.155382
3.02267e-05
0.12493
0.000238369
-0.0718683
-0.000123092
0.0215543
-0.000191078
0.115126
0.000412949
-0.125286
-0.000163409
0.218246
-2.89974e-05
-0.168637
-0.000118987
-0.0497126
0.000174093
0.138391
-8.11651e-05
-0.125034
-0.000180731
0.113384
0.000193745
-0.284958
0.000288377
0.0722344
-0.000345756
0.0345718
-0.000122738
-0.0239408
8.97075e-05
0.233361
8.25179e-05
0.0193766
0.000303084
-0.114061
-0.000356281
0.0132257
-0.000317385
-0.0536501
0.000704913
0.1248
-0.000366263
-0.130464
6.55131e-05
-0.0263415
-7.99221e-05
0.0169371
9.12197e-05
0.152622
-0.000147225
-0.25686
9.71255e-05
-0.0779785
-0.000236624
0.145382
0.000635975
0.142551
-0.000350035
-0.0854421
-6.65394e-05
0.117796
-0.000352503
-0.0980428
0.000507958
0.111896
6.74319e-05
-0.0375868
-0.000118512
-0.0533509
-0.000425878
-0.0814366
0.000564373
-0.00103051
-0.000118529
-0.120924
-0.000184676
0.165083
-5.43894e-05
0.0299725
1.06635e-05
-0.0712244
0.000416144
0.0654968
-0.000369165
-0.0527981
-5.8812e-06
-0.0675146
0.000311327
0.164577
-0.000498765
0.161972
0.00038979
-0.16067
9.46775e-06
0.0184647
-0.000132708
-0.11977
-0.000275177
-0.00516715
0.000584854
-0.103095
-0.000558377
0.125101
0.00034082
-0.0750074
0.000176171
0.0391026
-0.000315783
0.0569999
-0.000411506
0.117495
0.000592847
-0.171983
7.10383e-05
0.0892995
-2.42979e-05
0.0874967
-0.000453727
-0.157289
0.000470631
0.147012
-0.000233764
-0.0627855
-6.24701e-05
-0.110442
9.99169e-05
-0.0297936
-1.65701e-05
0.198969
0.000254393
-0.274158
-0.000372872
0.0727635
-8.00392e-06
-0.149802
0.000251455
0.363854
-2.93452e-05
0.0610964
2.11403e-07
-0.0931666
-0.000374305
-0.086454
0.000384241
0.0700538
0.00012403
-0.0835589
-0.000129542
-0.0239168
-0.000353802
0.0704553
0.000274056
-0.0604946
0.00023326
0.0971104
-0.000229435
-0.295964
-0.000238549
0.193527
0.000112179
-0.0356405
0.000260076
0.069676
9.52802e-05
-0.0179501
-0.0002498
0.0576662
-0.000100067
0.0744105
-5.01732e-05
-0.0395687
0.000438361
0.0349016
-0.000606712
-0.0784857
0.000687125
-0.0924611
-0.000290668
-0.0824312
-0.000145776
0.187646
-0.000188365
-0.220665
0.000487601
0.152448
-0.000322076
0.0542198
0.000325014
-0.098053
-0.000479521
0.215471
0.000327066
-0.310484
3.42803e-05
0.212861
-0.000132402
0.0167391
0.000147546
0.0231048
-0.000202274
0.119358
1.66085e-05
-0.230243
0.000176983
-0.0667618
-0.000109827
-0.152749
-0.000198056
0.282271
0.000414317
-0.102168
-9.1923e-05
-0.0441757
-0.000275799
0.153426
-5.13097e-05
-0.11666
0.000390388
0.149471
3.7252e-05
0.072805
-0.000747181
-0.186063
0.000831217
0.0308107
2.16071e-05
0.0807452
-0.00045999
-0.0259973
-0.000120237
-0.158811
0.000220212
0.120755
-2.68632e-06
0.0179065
0.000440519
-0.1579
-0.000500039
-0.0949495
-0.000221587
0.183414
0.000395344
0.0830244
0.000103598
-0.0189284
-0.000216838
0.0715824
6.58424e-06
0.0316874
-6.09681e-05
-0.073684
0.000257229
-0.0298396
-0.000292472
-0.137
0.00015938
0.0597041
0.000102826
0.110003
-0.000116963
-0.0937301
-0.000169339
-0.0220245
-5.1958e-06
-0.00570236
0.00026461
-0.111283
-1.50247e-05
0.155154
-0.000104628
0.122479
-5.43624e-05
-0.0731587
0.000167094
0.0106424
-6.52261e-05
0.00208983
-0.000144671
0.0482313
-1.88589e-05
0.0418409
0.00026315
-0.184949
-1.57716e-05
-0.0653048
-0.000102795
0.00702724
-0.000234844
-0.0398101
0.000437288
0.169917
-0.000497684
0.0337426
0.000346025
-0.126697
1.47234e-05
0.0821504
-7.53871e-05
0.027482
6.24652e-05
-0.0385205
-0.000205922
0.0266956
0.0001368
0.0444956
9.19799e-06
0.0682057
0.000310711
-0.0775879
-0.000438458
-0.149439
-0.000372994
-0.0160387
0.000679566
-0.0218136
0.000116615
0.0557593
-0.000229742
0.00621499
-0.000405749
0.0349677
0.000263546
0.116712
0.000280483
-0.0447844
-0.000219881
-0.0190414
-0.000302069
0.0188295
0.000707313
-0.0112456
-0.000426565
0.127015
-2.06847e-05
-0.217305
-2.80019e-05
-0.155619
0.000156008
0.365738
-0.000315725
-0.134282
0.000524841
-0.168982
-0.000481957
0.0720411
0.000218934
-0.0328165
0.000100456
0.000994379
-0.000151106
0.242564
-0.000110798
0.00691864
2.40735e-05
0.0203578
0.000512561
-0.210387
-0.000517403
0.123358
-0.000135625
-0.11714
0.000428284
0.0259171
-0.000146096
-0.031309
-1.59117e-05
-0.031339
4.85011e-05
0.0882055
-0.000236468
-0.0405781
9.12584e-05
-0.0635267
0.000177739
0.0407435
-0.000243332
0.0715795
0.000456236
0.0185276
-0.00018237
0.114175
-0.000427489
-0.176821
0.000227729
0.247697
6.78057e-05
-0.370876
0.000265609
0.358577
-0.0002249
-0.346168
-0.000272282
-0.0118143
0.000220315
0.0839529
0.000219919
-0.0477098
-0.000271656
0.156465
-1.0056e-05
-0.0913188
-6.48353e-05
0.223345
0.000269363
-0.206004
8.61848e-05
0.0423517
-0.000328599
-0.106104
-6.30412e-05
0.231635
0.00033005
0.0722074
3.51666e-05
-0.222049
-0.000306173
-0.0384574
-0.000182242
-0.0636457
0.000596613
0.00504104
-0.000313847
0.118132
-0.000101154
-0.145466
8.11739e-05
0.0690431
0.000470198
0.160403
-0.000823227
-0.000945278
0.000391383
-0.061084
-0.000192246
0.0634597
0.000595112
-0.0618449
-0.000418954
-0.00469044
8.81821e-05
-0.0509242
-0.000281688
0.000865173
0.000188039
0.0507023
2.9654e-05
-0.137074
6.7745e-05
0.0421049
-4.06774e-05
0.10999
-0.000189325
-0.149137
0.000310705
-0.0647637
-0.000246061
0.226861
2.67697e-05
0.111433
0.000267611
-0.045928
-0.000148031
-0.0333184
-0.00037327
0.00169916
0.00031548
-0.196285
0.000393114
0.00608352
-0.000507513
0.136261
-9.76179e-05
-0.106088
0.000370384
0.0275925
-0.000219387
0.0650826
0.000138318
-0.17937
-0.000143799
0.131033
-0.000240712
0.113635
0.000678027
-0.0832624
-0.000255154
0.0929828
-7.42055e-05
-0.0788195
-0.00036437
0.00265234
0.000349412
0.15915
0.000127465
-0.133456
-0.000205222
-0.181062
9.37237e-05
-0.0152577
2.44339e-05
0.0649176
-0.00015447
0.0892553
0.000107776
-0.121523
-0.000211743
0.122805
0.000278954
0.12172
0.000153365
-0.0753601
-0.000266749
-0.03056
-0.000393291
-0.0378103
0.000734964
0.0121427
-0.000183717
0.12261
-8.5037e-05
-0.0503997
-0.000245262
-0.037037
2.28808e-05
-0.127901
0.000490438
-0.0317002
-0.000464791
0.00150562
4.31212e-05
0.0423556
0.00041574
0.152324
-0.000406907
-0.0585
-7.54487e-05
-0.0148753
0.00027726
0.106526
-0.000101245
-0.0195867
-1.9394e-05
0.0562903
2.5072e-05
-0.186494
7.6814e-05
-0.00457882
1.78796e-05
0.120673
-0.000175944
-0.235306
-8.93685e-06
0.155025
-0.000130305
0.0947662
0.000355179
-0.184387
9.55221e-05
-0.00576358
-0.000192746
-0.0017678
-0.000552723
0.171045
0.000795912
0.0603208
-0.000205836
-0.0474859
5.37014e-05
0.0676112
-0.000433399
-0.0967341
0.000366593
-0.0421241
4.22561e-05
-0.0696388
-0.000196215
0.0103144
8.06197e-05
-0.102325
0.000163525
0.124819
-0.000192495
0.200014
-0.000150638
-0.334186
0.000183206
0.0830963
-0.000107732
0.14061
0.00034219
-0.0254231
1.30484e-05
0.128972
-0.000561463
-0.1877
0.000234195
0.0937982
0.000280371
-0.026373
-0.000124414
0.0512672
-0.000384225
-0.111412
0.000462019
-0.148728
-0.00012113
0.175449
0.000100084
-0.273873
-0.000261477
0.269204
9.58199e-06
0.0446188
7.18798e-05
0.126936
0.00032584
-0.226967
-0.000432636
0.146095
0.000131004
-0.0901211
0.000188571
-0.037263
-0.000240261
0.204494
-6.3628e-05
-0.238621
0.000353291
0.174479
-9.58447e-05
-0.196366
-0.00034494
0.0157225
-5.99435e-05
-0.0761967
0.000503742
0.133416
5.08675e-05
-0.0630024
-0.000318147
0.119166
-0.000123744
-0.021329
0.00014178
0.161411
4.49337e-06
-0.0667776
0.00019219
-0.198023
-0.00021379
0.19155
5.88734e-05
-0.0724433
0.000137134
-0.0566824
-0.000338426
-0.134591
0.000393695
0.103471
-0.000666218
0.0589426
0.000813786
0.0639766
-0.000225566
-0.194208
-0.000437842
0.116782
0.000297484
-0.136403
0.000357376
0.246646
-0.000438285
0.0972061
-4.01982e-05
-0.0389175
0.000117368
-0.187621
0.000152713
0.0666731
-4.57767e-05
-0.0642809
-0.000234138
