mu
1
0.00179699
-0.504014
-0.00101959
0.0354495
-0.00216328
-0.216708
0.000621263
0.0491822
5.78671e-05
0.252105
0.003188
0.203168
-0.00216297
-0.453928
-0.00182506
-0.167239
0.000593183
0.426465
0.00108408
-0.128034
0.00169372
0.264797
-0.00165237
-0.268731
-0.00124998
-0.454906
-0.00102834
0.673502
0.00410186
-0.124159
-0.00160049
0.0848327
0.000464142
-0.322979
-0.00278053
0.0206578
0.000900442
-0.0502774
0.00199582
0.651561
0.000868173
-0.511475
-0.00268759
-0.157218
-0.00020774
0.160313
-0.000137543
-0.0861116
0.00258955
0.450559
-0.00020218
-0.214278
-0.00120096
-0.428911
-0.00271342
0.210929
0.0035691
0.248933
-0.000812563
-0.0220191
0.00217038
-0.0209683
-0.00354393
-0.271262
-5.84078e-05
-0.152317
0.00081263
0.677189
0.00270438
-0.253896
-0.0019322
-0.149441
-0.000412885
-0.0517785
-0.00202429
-0.127069
0.00279775
0.420377
0.000409313
0.0961252
0.000922003
-0.454648
-0.00485091
-0.0538544
0.00363182
0.255778
-0.00256871
0.00829944
0.00550316
0.229751
-0.00459402
-0.340455
0.000696361
-0.317525
-0.00197204
0.522409
0.00366892
0.0150305
-0.000301591
-0.0658619
-0.000770951
-0.113205
-0.00143656
-0.263974
-0.000919444
0.269024
0.00381297
0.372304
-0.000724353
-0.343427
-0.00124517
-0.188961
-0.000700689
0.0985399
-0.00125896
-0.00752019
0.00463659
0.405997
-0.00244023
-0.204309
0.00109605
-0.439714
-0.00445978
0.26236
0.00424676
0.154611
-0.00101118
0.0632228
0.00220551
-0.0312178
-0.00269555
-0.361095
-0.002063
0.00609046
0.00370204
0.520722
-0.00127516
-0.170851
0.00288592
-0.136746
-0.00483257
-0.118188
0.00150534
-0.0693388
-0.000386945
0.40328
0.00336857
0.0859639
-0.00186775
-0.464067
-0.00157426
0.0190419
-6.74611e-05
0.126367
0.000674425
0.131876
0.00266864
0.179547
-0.00149166
-0.38985
-0.00268003
-0.196276
0.00175903
0.398258
-0.00083028
0.0761831
0.00431406
-0.0535325
-0.00432501
-0.153708
0.00104921
-0.247698
-0.00279133
0.297114
0.0050705
0.324539
-0.00188369
-0.334101
0.000561806
-0.115472
-0.00273455
-0.0411094
0.000398223
0.13188
0.00283317
0.33195
2.26845e-05
-0.222544
-0.00201604
-0.355489
-0.000238211
0.178411
-0.00124156
0.185954
0.00452219
0.0777313
-0.00227027
-0.0418578
0.000710611
-0.401393
-0.00426569
0.110599
0.00450832
0.388005
-0.00132611
-0.0778163
0.00245827
-0.14816
-0.00314833
-0.167394
-0.00158178
-0.0192582
0.0032751
0.407206
-0.000386868
0.00930122
0.00143991
-0.350487
-0.00335396
-0.0635085
0.000109556
0.138689
0.00100329
0.170687
0.00230008
0.140421
-0.00102124
-0.395934
-0.00283113
-0.134406
0.00157014
0.322641
-0.000823989
0.100786
0.00398563
-0.000519334
-0.00258671
-0.253596
-0.00209851
-0.159462
0.00129239
0.272731
0.000248147
0.272015
0.00278245
-0.248296
-0.00284133
-0.171022
-0.000328634
-0.0408797
-0.00175181
0.162881
0.00461478
0.315719
-0.00136204
-0.260227
-0.000729018
-0.265087
-0.000975717
0.0892241
-0.00137644
0.212099
0.00452687
0.131124
-0.00121983
-0.143868
-0.00130219
-0.303738
-0.00131328
0.0641129
0.000778532
0.380268
0.0020395
-0.0645034
0.000187036
-0.116094
-0.00142848
-0.253322
-0.00300572
0.0905967
0.00402501
0.321261
-0.000554763
0.0326613
0.000939624
-0.319759
-0.00138288
-0.0938255
-0.00325399
0.121658
0.00456367
0.238806
-0.000857976
0.052816
0.00164065
-0.339168
-0.00457049
-0.121208
0.00263656
0.250783
-0.00221358
0.178739
0.0057091
-0.0437134
-0.00393086
-0.249214
-0.00107547
-0.149305
0.000377463
0.288822
0.000878469
0.204201
0.00185302
-0.15394
-0.000717707
-0.23619
-0.00325078
-0.0400808
0.00110786
0.225056
0.00190562
0.221654
0.00100901
-0.184981
-0.00243019
-0.288317
0.000754954
0.0769325
-0.00393006
0.220389
0.00746383
0.146282
-0.00405496
-0.175341
0.00163661
-0.285661
-0.00417726
0.102226
0.00338586
0.270022
-0.00108128
0.083818
0.00419705
-0.253494
-0.00545195
-0.154405
0.000378579
0.0337099
0.00142021
0.358516
0.000682269
-0.0227447
0.00123672
-0.235347
-0.00231322
-0.17692
-0.00206492
0.16939
0.00262302
0.239551
0.00172714
0.00974686
-0.00117346
-0.284479
-0.00142619
-0.147411
-0.000355429
0.241761
-0.000549453
0.193091
0.00552545
-0.0350748
-0.00456022
-0.292597
0.000218139
-0.0755666
-0.00128699
0.214877
0.00209786
0.242353
0.00106345
-0.154563
0.000177896
-0.247554
-0.00378798
-0.0357188
0.000574901
0.235783
0.00343971
0.2002
-0.00165501
-0.180176
0.00166854
-0.251919
-0.00400269
0.0116994
0.000510656
0.282455
0.00321776
0.110767
0.0001446
-0.182796
-0.00214937
-0.23369
-0.000576623
0.0301307
-0.000345311
0.34199
0.00209456
0.00269666
0.0020414
-0.148105
-0.00376252
-0.287374
-0.00108
0.193832
0.00249361
0.18685
-0.000490057
0.124025
0.00270995
-0.335077
-0.00330104
-0.116206
-0.00183414
0.136351
0.00259956
0.252309
0.00158437
0.00552892
-0.000833183
-0.290906
-0.00128164
-0.112471
-0.0011379
0.178585
0.000222612
0.263598
0.00468599
-0.0990654
-0.0031201
-0.244738
-0.00162293
-0.0956011
0.000855265
0.214549
-0.000763852
0.242538
0.00422481
-0.153534
-0.00230921
-0.239282
-0.00204463
-0.0529422
-0.000569553
0.263498
0.0035405
0.156711
-0.000810651
-0.134333
0.000487461
-0.281264
-0.00226219
0.0263861
-0.00212903
0.277855
0.00612511
0.0977589
-0.00254869
-0.152172
0.000424811
-0.278629
-0.00253288
0.102854
0.000435133
0.231674
0.00197783
0.139206
0.00195467
-0.3029
-0.00317933
-0.113793
-0.00196504
0.014716
0.00314246
0.356861
-0.00116756
-0.037709
0.00358789
-0.188544
-0.00371901
-0.228133
-0.00201747
0.21075
0.00284799
0.207618
0.0011954
0.0172475
-0.000173667
-0.27287
-0.0015728
-0.142503
-0.00138278
0.214964
0.000394873
0.219606
0.00457272
-0.0648548
-0.00276736
-0.251479
-0.00174102
-0.115357
0.000490836
0.262485
-0.000386121
0.162156
0.00369618
-0.0567945
-0.00110979
-0.334882
-0.00354821
0.0451465
0.000794951
0.163143
0.00207812
0.245087
0.000485303
-0.206249
8.51351e-05
-0.228901
-0.00260726
0.0122105
-0.00140938
0.247583
0.00468151
0.153975
-0.000431725
-0.223451
-0.0016506
-0.192168
-0.000564182
0.0100682
-0.0015821
0.330179
0.00338076
0.0192537
0.00157174
-0.163835
-0.00340747
-0.249924
-0.00107665
0.139745
0.00128587
0.243201
0.00107973
0.0573148
0.00150343
-0.272853
-0.00157037
-0.135137
-0.00402358
0.114729
0.00406884
0.286574
0.00056323
-0.0418452
0.000246233
-0.232145
-0.00143813
-0.164268
-0.0020001
0.2389
0.000786931
0.167539
0.00441651
0.0109398
-0.00258119
-0.336857
-0.00147997
-0.0196818
-0.000397147
0.159499
0.000530379
0.269038
0.00282732
-0.18552
-4.1575e-05
-0.172975
-0.00427097
-0.127409
0.000750384
0.320938
0.00247024
0.112802
-0.000222318
-0.113598
0.00147997
-0.279211
-0.00425408
0.0450938
-4.59794e-05
0.217249
0.00335065
0.168555
0.000772064
-0.215372
-0.00208508
-0.218426
-0.000774209
0.056171
-0.00118256
0.278019
0.00257082
0.0433464
0.00268607
-0.149816
-0.0040003
-0.282277
-0.00120882
0.176694
0.00192252
0.212943
-0.000531753
0.0631042
0.00438201
-0.259812
-0.00518578
-0.143104
0.000209858
0.119709
-0.00105116
0.264363
0.00601736
0.00403026
-0.00489354
-0.307288
0.003539
-0.0541243
-0.0066824
0.118116
0.00459325
0.264546
0.00125958
-0.0603686
0.00043594
-0.278743
-0.00411074
-0.068151
0.00183839
0.211158
-0.00194975
0.203071
0.00558176
-0.125151
-0.00275458
-0.207259
-0.00117125
-0.107278
-0.00300138
0.298574
0.00633552
0.144784
-0.00409484
-0.172814
0.00568457
-0.186953
-0.00840458
-0.0521662
0.00368663
0.298424
-0.00042855
0.0950187
0.0047178
-0.142938
-0.0057569
-0.293717
0.00283875
0.152076
-0.005103
0.161779
0.00636395
0.149412
-0.000777363
-0.23061
-0.000450066
-0.217885
-0.00462207
0.127212
0.00461827
0.252602
-0.00267475
0.0151727
0.00604117
-0.210319
-0.00578712
-0.163901
-0.000218917
0.104977
-0.000158376
0.302553
0.00456933
-0.0524833
-0.00280954
-0.250776
0.00148609
-0.0811096
-0.00491262
0.11645
0.00277833
0.276499
0.00281765
-0.0873859
-0.000461245
-0.226759
-0.00343118
-0.142854
0.00110174
0.319984
-0.00142479
0.0485562
0.00488986
0.0492369
-0.00123578
-0.365871
-0.00334104
0.0243219
-0.000344891
0.204561
0.00278043
0.188884
0.000181022
-0.181642
0.0013196
-0.196943
-0.00385452
-0.010554
-0.0011699
0.218289
0.00413718
0.19586
0.000621966
-0.252958
-0.00173957
-0.187437
-0.000902318
0.0857478
-0.00187145
0.166618
0.00302304
0.191541
0.00305803
-0.309451
-0.00450751
-0.10272
-0.000133298
-0.00653325
-0.000645916
0.39343
0.00284743
-0.144585
0.000693992
-0.0382815
-0.00038284
-0.317604
-0.00540472
0.227611
0.00412908
0.214198
0.00114049
-0.0133571
-0.000160659
-0.246206
0.000138232
-0.100024
-0.00479958
0.143258
0.00313861
0.231627
0.00219698
-0.0322561
0.000330201
-0.28823
-0.00365816
-0.0642638
0.000445095
0.237291
-0.000266491
0.107883
0.00307652
0.012173
0.00159319
-0.341461
-0.00671986
0.0197081
0.00313041
0.195373
-0.000848481
0.195763
0.00343576
-0.199066
-0.000717376
-0.150359
-0.00297836
-0.0747823
-0.00115186
0.287942
0.00295609
0.121891
0.00277448
-0.197217
-0.00422286
-0.199977
0.00197763
0.0638596
-0.0053064
0.213287
0.00636811
0.107782
0.000216315
-0.189644
-0.00197069
-0.247602
-0.00212279
0.17358
0.000518473
0.177757
0.00192356
0.0727095
0.0017852
-0.232305
-0.0012696
-0.151157
-0.00474274
0.104892
0.00342524
0.285119
0.00150594
-0.0562133
3.30853e-05
-0.218344
-6.63109e-05
-0.101659
-0.00469175
0.125986
0.00266503
0.248736
0.00291544
-0.0484116
-0.000369894
-0.284902
-0.00269885
-0.0223667
-0.000561405
0.146401
-4.79355e-05
0.224742
0.0037682
-0.122908
0.000336877
-0.197619
-0.004765
-0.106185
0.000621207
0.300536
0.00149681
0.0928298
0.00135819
-0.106207
0.00135445
-0.215875
-0.00452079
-0.0302026
-0.000743867
0.263238
0.00364555
0.118203
0.000775242
-0.187526
-0.000583622
-0.184098
-0.00265093
0.0263807
-0.000578953
0.260695
0.00167246
0.0489769
0.00464196
-0.137466
-0.00553287
-0.269794
0.000621677
0.177435
-0.00159582
0.178486
0.00285879
0.0517953
0.00227314
-0.184069
-0.00255045
-0.218917
-0.00307741
0.202245
0.00160124
0.157511
0.00269013
0.0646082
-6.82334e-05
-0.304966
-0.000549186
-0.046514
-0.00382864
0.107564
0.00114386
0.227555
0.00484972
-0.0133991
-0.00244117
-0.320549
-0.000214707
0.0307395
-0.00321693
0.0787141
0.00192326
0.283683
0.00263144
-0.167721
0.00096791
-0.17613
-0.00482952
-0.077536
0.00037361
0.225976
0.00134643
0.178708
0.00184291
-0.190857
0.00109134
-0.134492
-0.00436185
-0.0903187
-0.000995407
0.302921
0.00370484
0.0785363
0.000777063
-0.157945
-0.000303666
-0.179832
-0.00268574
-0.00498887
-0.00143671
0.309365
0.00323426
-0.0207064
0.00257328
-0.0665993
-0.00294744
-0.316049
-0.00184329
0.21395
0.000123121
0.128466
0.00157554
0.112939
0.00337072
-0.262236
-0.00310099
-0.111129
-0.0030812
0.0840956
0.00197616
0.266195
0.00157986
-0.0499114
0.00176815
-0.177257
-0.00222459
-0.170022
-0.00282413
0.224281
0.000728352
0.119986
0.00446767
0.054155
-0.00127917
-0.334582
-0.00146442
0.0170109
-0.0020798
0.104426
0.000454705
0.250444
0.00431119
-0.15345
-0.000492851
-0.155498
-0.00356189
-0.117754
-0.000456257
0.289131
0.00114267
0.0684459
0.00282748
-0.0376849
0.000101919
-0.314687
-0.0035179
0.116757
-0.00165219
0.0920165
0.00382293
0.247075
0.000965501
-0.270852
-0.000273287
-0.114635
-0.00264733
-0.0119567
-0.00196408
0.260251
0.00396122
0.0573014
0.00184106
-0.168385
-0.00217555
-0.18519
-0.00209893
0.0835197
-0.000590841
0.227124
0.00273547
0.0479582
0.00227727
-0.241142
-0.00204233
-0.0739489
-0.00383906
0.0139999
0.00215018
0.335411
0.00157948
-0.115193
0.0017523
-0.126932
-0.00159085
-0.177225
-0.00429112
0.188254
0.00273687
0.189504
0.001887
-0.0655363
0.00168498
-0.163289
-0.00402351
-0.172833
-0.000148631
0.294974
-0.00132081
0.0652701
0.00595648
-0.00456553
-0.00183459
-0.249069
-0.00227023
-0.0609853
-0.00158522
0.262153
0.00156725
0.0581338
0.00291377
-0.0125751
0.000125139
-0.328374
-0.00367764
0.121824
-0.00136942
0.106038
0.00311958
0.18429
0.00182396
-0.161873
-0.000789689
-0.25118
-0.00213899
0.156648
-0.00296722
0.0687164
0.00536821
0.23521
-2.82291e-05
-0.320712
0.00036518
-0.0530349
-0.00482341
-0.00864113
0.00180067
0.267913
0.000408262
0.0366087
0.0046788
-0.252615
-0.00412807
-0.0302004
-0.00214376
-0.0415149
0.00090133
0.379836
0.00170924
-0.157129
0.00306454
-0.0908807
-0.00383121
-0.185025
-0.00142152
0.176934
-0.000729469
0.198125
0.00545484
-0.0782034
-0.00167108
-0.148084
-0.000588816
-0.1668
-0.00350116
0.272685
0.00129054
0.0815069
0.00417845
-0.0225109
-0.000716989
-0.223432
-0.00259773
-0.073399
-0.00169474
0.260546
0.0012728
0.0570247
0.00379597
-0.0221373
-0.00113959
-0.294861
-0.00176551
0.0878028
-0.00405133
0.124912
0.00626527
0.177221
-0.00194101
-0.188402
0.00391187
-0.169193
-0.00731003
0.0388929
0.00209672
0.204913
0.000433448
0.073284
0.00457379
-0.148302
-0.00358221
-0.208409
-0.00114536
0.131778
-0.00204283
0.148185
0.00414935
0.0985169
0.00116909
-0.244034
-0.000573203
-0.0918494
-0.00559735
0.0717077
0.00404151
0.224927
-0.00148463
-0.0039473
0.00638601
-0.219527
-0.00669186
-0.0727376
0.000733485
0.0959846
-0.00225029
0.224825
0.00604052
-0.0585368
-0.00130357
-0.213418
-0.00127425
-0.0389767
-0.00276044
0.103438
0.000334357
0.247447
0.00503431
-0.171494
-0.00111203
-0.100223
-0.00251385
-0.145383
-0.00134441
0.286096
7.13057e-05
0.0525017
0.00555858
-0.0479281
-0.00282673
-0.224292
-0.000326413
-0.00736867
-0.00494119
0.231259
0.00599432
0.0587374
-0.000501663
-0.0869815
0.00162921
-0.224791
-0.00398904
0.0665159
-0.00234816
0.186572
0.0054988
0.0754359
-0.000845338
-0.144907
0.00212384
-0.203227
-0.00652141
0.140845
0.00248018
0.110773
0.000261946
0.139053
0.00455561
-0.277549
-0.00332227
-0.0538837
-0.00311971
0.0391035
0.00140139
0.250252
0.00115673
-0.0535614
0.00372771
-0.139102
-0.0035605
-0.153363
-0.00284798
0.16613
0.00144481
0.166609
0.00216387
-0.0364537
0.00262099
-0.19707
-0.00461018
-0.0642122
-0.000191416
0.13815
-0.00173078
0.181255
0.00647982
-0.0818634
-0.00191211
-0.203388
-0.00182889
-0.0208503
-0.0021663
0.164137
0.00092543
0.128857
0.00429622
-0.0781989
-0.000730021
-0.224026
-0.00303878
0.0288004
-0.00179922
0.168736
0.00236485
0.121034
0.00311089
-0.15821
-0.00123642
-0.129261
-0.00202214
-0.0259728
-0.00326017
0.249446
0.00486002
0.0436791
0.00133531
-0.16345
-0.00118007
-0.116909
-0.00215008
0.0156171
-0.00274696
0.247486
0.00553807
-0.018602
-0.000240157
-0.102426
0.000876687
-0.227689
-0.00627293
0.220076
0.00316507
0.0617964
0.000433015
0.103954
0.00370039
-0.247736
-0.0027866
-0.0756912
-0.00385943
0.118131
0.00200008
0.185141
0.00220003
-0.0562598
0.00184091
-0.165486
-0.00263868
-0.0834574
-0.00326851
0.148503
0.00198415
0.155161
0.00218652
-0.0414025
0.00282027
-0.262904
-0.00637468
0.0853963
0.00189714
0.0182074
-0.00274443
0.279343
0.00729803
-0.230153
-0.00286618
-0.0657547
-0.00134422
-0.115467
-0.0033309
0.298637
0.00364393
-0.0136778
0.0017981
-0.037181
0.000457171
-0.207155
-0.00386508
0.0179176
-0.00142205
0.231412
0.00280668
0.0264606
0.00340015
-0.132652
-0.00278439
-0.13034
-0.00100504
0.0235311
-0.00342719
0.23198
0.00539902
-0.0130826
0.000620664
-0.0984541
-0.00018874
-0.226375
-0.00511966
0.23142
0.00199481
0.0254476
0.00112465
0.135203
0.00369037
-0.255854
-0.00325823
-0.082902
-0.00273532
0.155345
1.90151e-05
0.105588
0.00462985
0.0379498
-0.000645726
-0.259356
-0.000167572
0.027982
-0.00529567
0.0251657
0.0030562
0.270686
0.00194146
-0.159215
0.00243778
-0.14317
-0.00520141
-0.00409642
0.000104937
0.0740413
-0.000791011
0.232406
0.00522943
-0.193148
-0.000770604
-0.0929586
-0.00289542
-0.068408
-0.00259119
0.226791
0.00350208
0.05906
0.00131656
-0.117822
0.00155699
-0.101212
-0.00508267
-0.0987147
-0.00035936
0.355085
0.0017044
-0.123257
0.00441049
0.0274438
-0.00338778
-0.268164
-0.000680003
0.143555
-0.00354392
0.124078
0.00505394
0.0643955
0.00124563
-0.154143
-0.000598261
-0.166997
-0.00493655
0.182013
0.00192197
0.04659
0.000906689
0.125993
0.00405488
-0.255157
-0.00334521
-0.0604772
-0.00284911
0.128776
0.00011551
0.113917
0.00430628
0.0282432
3.81352e-05
-0.235825
-0.00103851
0.00706403
-0.00407048
0.0488224
0.0012755
0.233436
0.00389205
-0.136156
0.000663288
-0.133876
-0.00349447
-0.023721
-0.00146334
0.0977416
0.000472574
0.19435
0.00396657
-0.160524
0.000706425
-0.106312
-0.00428076
-0.0510828
-0.00138714
0.203982
0.00223437
0.0575176
0.0025851
-0.0884029
0.00034172
-0.153458
-0.00357327
-0.00277543
-0.00220527
0.219274
0.0034851
0.0125234
0.00274155
-0.0974888
-0.00164851
-0.144443
-0.00238424
0.0389785
-0.00176588
0.200282
0.00273922
-0.00194557
0.00411922
-0.108996
-0.00372628
-0.159727
-0.00148781
0.132491
-0.00190481
0.115697
0.00482389
0.0358895
7.25644e-05
-0.162794
0.000835291
-0.120404
-0.00680951
0.165437
0.00331245
0.0769258
0.00195123
0.0529376
0.00144964
-0.241619
-0.00131607
0.00994587
-0.00459116
0.0600677
0.00211453
0.192772
0.00274496
-0.0965783
0.00201947
-0.144768
-0.00458662
-0.0307059
-0.000855237
0.123044
0.000435821
0.142378
0.00300089
-0.109687
0.00284688
-0.136147
-0.00713596
-0.0168096
0.00181109
0.153204
-0.00112786
0.109127
0.00562293
-0.147769
-0.00200284
-0.0802093
-0.00180251
-0.0618213
-0.00332234
0.258796
0.00357052
-0.0413382
0.0036549
-0.0208803
-0.0033106
-0.232053
5.17643e-06
0.148067
-0.0045829
0.076582
0.0053511
0.0968542
0.00189044
-0.176625
-0.00173025
-0.0997019
-0.00312233
0.0860731
-0.000663892
0.138545
0.00370865
0.0211968
0.000987891
-0.165445
0.000401045
-0.0713389
-0.0066763
0.0852782
0.00323442
0.154462
0.00183842
-0.0202811
0.0017565
-0.18049
-0.00168676
-0.0159251
-0.00384593
0.066272
0.000665779
0.177593
0.00468311
-0.0873709
-0.000181867
-0.131636
-0.00214606
-0.0519551
-0.00318653
0.155165
0.00226623
0.0894111
0.00158127
-0.0672458
0.00388835
-0.140507
-0.00748661
-0.0324601
0.00145632
0.179139
-0.000326712
0.062028
0.0044176
-0.0948784
-0.000646912
-0.127756
-0.0025819
0.0111812
-0.00358608
0.146161
0.00495318
0.0864432
0.000919796
-0.15838
0.000873346
-0.08064
-0.00523774
0.00878127
0.00144713
0.194056
-0.00142261
-0.0261226
0.00895091
-0.048819
-0.00843186
-0.204239
0.00292877
0.166565
-0.00574267
0.0831474
0.00736884
0.0251652
-0.00134703
-0.12395
0.00187834
-0.119861
-0.00749919
0.134723
0.00365851
0.0978865
0.00126798
0.0206695
0.00271402
-0.198524
-0.00301707
-0.00397158
-0.00183739
0.078486
-0.00226256
0.109884
0.00826704
0.0242439
-0.00417031
-0.270749
0.00211552
0.119136
-0.00721684
-0.0234568
0.00556138
0.237071
-0.00100505
-0.188979
0.00582606
-0.0335608
-0.0086408
-0.102914
0.00201645
0.208501
-0.000606288
0.0569491
0.00435666
-0.127535
-0.000278173
-0.0458761
-0.00286573
-0.0863176
-0.00351707
0.234227
0.00495014
0.00276092
0.000801514
-0.0955224
0.00101272
-0.103152
-0.00487578
0.0126829
0.000302259
0.195119
0.000420185
-0.0544097
0.00631223
0.00703084
-0.00494611
-0.268691
-0.00106527
0.250401
-0.00142487
-0.024055
0.00263971
0.123131
0.00353362
-0.203143
-0.00271645
-0.0388642
-0.00329001
0.0585169
-4.96732e-05
0.157943
0.00421233
-0.0432624
0.000349226
-0.131187
-0.000756647
-0.0423118
-0.0041284
0.0866324
0.000134154
0.114559
0.0054715
-0.00440165
-0.000964179
-0.218719
-0.00129995
0.07485
-0.00343262
0.0114447
0.00122832
0.191939
0.00362608
-0.149962
0.00111262
-0.0464198
-0.00389358
-0.106795
-0.00243182
0.239736
0.00325348
-0.0287744
0.000853515
-0.00422622
0.00310333
-0.174391
-0.00606053
0.0469798
-0.000412307
0.107059
0.00181336
0.0925542
0.00370363
-0.15217
-0.00148485
-0.0627125
-0.00255787
0.0103822
-0.00186007
0.143406
0.00219066
0.0316287
0.00496002
-0.108639
-0.00410413
-0.12196
-0.00102619
0.112217
-0.00235954
0.0710815
0.00403862
0.0594819
0.00192206
-0.166266
-0.0010613
-0.0379778
-0.00460694
0.040836
0.000808778
0.171575
0.00360651
-0.0706551
0.000601347
-0.0901821
-0.000395035
-0.0604461
-0.0049814
0.0684116
0.00127133
0.168583
0.00415827
-0.116928
5.88593e-05
-0.0497842
-0.00144538
-0.105398
-0.0042244
0.182914
0.00279183
0.0221538
0.00129116
0.00188947
0.00401239
-0.170685
-0.00701557
0.0104103
0.000935513
0.136761
-0.000381688
0.0273105
0.00433278
-0.0211215
0.000144973
-0.169144
-0.00368974
0.048714
-0.00204162
0.118816
0.00270247
0.0307272
0.00305916
-0.0503365
-0.000695848
-0.171222
-0.00343867
0.128131
-0.000875138
0.0121867
0.0010303
0.159288
0.00608475
-0.2419
-0.00511961
0.0337428
0.000149029
-0.035096
-0.0036715
0.175509
0.00511962
-0.00925538
0.00122728
-0.129364
-0.00083552
-0.0387619
-0.00416779
0.0362149
-8.53817e-05
0.157133
0.00438005
-0.0638155
0.000190077
-0.0686824
-0.000344653
-0.09862
-0.00451795
0.126538
0.00031906
0.088572
0.0053569
-0.0494402
-0.00146856
-0.0901679
0.000587805
-0.0610545
-0.00646559
0.122932
0.00481096
0.0841722
-0.000268223
-0.0667822
0.00473701
-0.104687
-0.00660286
-0.0121425
-0.000335995
0.111463
0.00132253
0.0628228
0.00230374
-0.0517708
0.00231806
-0.148476
-0.0057001
0.0632483
-0.000220664
0.0706972
0.00113983
0.0835648
0.00392062
-0.119468
-0.000623775
-0.0515085
-0.00421765
-0.0415456
0.000409514
0.224988
-0.000518488
-0.0985764
0.00737637
0.0223086
-0.00589548
-0.182146
0.00062087
0.12823
-0.0039094
0.051454
0.0050202
0.0657567
0.00152704
-0.162288
-0.00124886
-0.0293851
-0.00350847
0.0697524
-0.000801157
0.0644352
0.00471107
0.0517675
0.000304767
-0.169737
-0.000743502
-0.0244765
-0.00389737
0.105963
-0.000202193
0.041198
0.00528007
0.0280908
-0.00073066
-0.166666
-0.000645607
0.0247794
-0.00465405
0.0297165
0.002431
0.169402
0.00243131
-0.153889
0.0017607
-0.021329
-0.00338935
-0.0475843
-0.00330173
0.0842584
0.00357051
0.125808
0.000850709
-0.13829
0.00290201
-0.0504809
-0.00539912
-0.0111573
-0.000974771
0.119599
0.00189452
0.0230809
0.00325865
-0.040662
-0.000264107
-0.132952
-0.00386768
0.0499973
-0.000780148
0.126019
0.00156398
-0.0149692
0.00414293
-0.0615835
-0.00156112
-0.0608006
-0.00433158
-0.0248319
0.00133082
0.2145
-0.000285533
-0.102484
0.00645784
-0.0167211
-0.00556538
-0.114416
0.00032094
0.106478
-0.00408299
0.046993
0.00725595
0.0453497
-0.00166116
-0.14108
0.000843313
-0.0554758
-0.00508002
0.147191
0.000776463
-0.0174648
0.0041431
0.0639914
0.000545501
-0.144243
-0.00191628
-0.0517237
-0.00328789
0.161299
0.00102469
-0.0157881
0.00362824
0.0421343
0.00069537
-0.193471
-0.00225796
0.110666
-0.00439735
-0.0588593
0.00462614
0.230921
-0.00041551
-0.207322
0.0043753
-0.0169992
-0.00693516
0.020228
0.00076975
0.0228221
-0.000112678
0.14298
0.00523188
-0.160649
-0.00204413
-0.0221817
-0.00232855
-0.0223
-0.00169647
0.155096
0.00149362
-0.0335505
0.00517748
-0.0483417
-0.00358254
-0.0495111
-0.00121651
-0.0519834
-0.00259486
0.248365
0.00405401
-0.155992
0.00180209
0.0400884
-0.000813088
-0.136701
-0.00405396
0.0983354
-0.000299367
0.0622698
0.00413675
0.0235438
0.000498221
-0.127368
-0.000288088
-0.0323614
-0.00459317
0.101432
0.000656341
0.0189714
0.00404354
0.0323389
0.000471693
-0.112082
-0.00139482
-0.0686036
-0.00416045
0.171467
0.0023261
-0.0348475
0.00160967
0.0429914
0.00339679
-0.149892
-0.00547459
0.0378404
-0.000664209
0.0311974
0.000633352
0.128754
0.0033313
-0.131597
0.00100182
-0.0347766
-0.00382554
-0.00210648
-0.00196065
0.0705699
0.00219975
0.0601809
0.00320757
-0.054051
-0.00051318
-0.13865
-0.00303374
0.121793
-0.00171012
-0.01402
0.00200763
0.115598
0.0041618
-0.151802
-0.00221753
0.00688833
-0.0027287
-0.0468846
-0.000735107
0.189241
0.00167198
-0.0892627
0.00440505
-0.0143208
-0.00332453
-0.0802033
-0.00177454
0.0464262
-0.00204234
0.0979887
0.00520438
-0.0065985
-0.000269957
-0.115898
0.000479477
0.0102953
-0.00529122
0.0128021
0.00134294
0.116145
0.00321952
-0.0578758
0.001377
-0.0476215
-0.00256245
-0.0792314
-0.00219076
0.144301
-0.000626156
-0.00886155
0.00527105
0.0174035
-0.000741991
-0.112015
-0.00119903
-0.00316549
-0.00454555
0.0808453
0.00400604
0.0605399
0.000205679
-0.0788474
0.00383149
-0.0359061
-0.00613016
-0.0389912
-0.000187099
0.122837
0.00102979
0.00491306
0.00369658
-0.0311797
-0.000789803
-0.104376
-0.00230688
0.0586989
-0.00305259
0.0513214
0.00387987
0.0374023
0.00186155
-0.058117
7.59567e-05
-0.0980479
-0.00456641
0.087958
0.00073327
0.0294935
0.000428056
0.0430615
0.00515742
-0.0870006
-0.00333098
-0.0600236
-0.00265343
0.0750723
1.40835e-05
0.0374972
0.00201323
0.0408157
0.00333728
-0.138637
-0.00286465
0.0386673
-0.00247156
-0.0268739
-0.000740033
0.14985
0.00454937
-0.0816544
0.000428563
-0.0534985
-0.00186977
-0.0098108
-0.002336
0.0271766
-0.00101599
0.10478
0.00580315
-0.0716436
-0.00106964
-0.052786
-0.00157891
-0.0229404
-0.00284999
0.0845472
0.00102345
0.0372703
0.00388464
-0.0505025
-0.000151245
-0.0357317
-0.00208026
-0.0681448
-0.00400673
0.176078
0.00465352
-0.0680332
8.09947e-05
0.0217295
0.00248516
-0.102681
-0.00471958
0.0260824
-0.00156304
0.0795713
0.00316442
0.0219198
0.00202992
-0.0675701
-0.000169319
-0.0615878
-0.00370507
0.0635133
-0.00055576
0.0171254
0.00172358
0.0648763
0.00401865
-0.0939326
-0.00255695
-0.0696095
-0.00293245
0.110407
8.52826e-05
-0.0120075
0.00203076
0.0549519
0.00278386
-0.0970627
-0.00143633
-0.0295765
-0.00471005
0.0470724
0.00218328
0.0805419
0.00136592
-0.0378148
0.00303236
-0.0825075
-0.00345132
0.048314
-0.00156288
-0.066904
-0.00118581
0.204287
0.00551159
-0.161575
-0.000653055
0.0151215
-0.00202649
-0.050356
-0.0022113
0.0948075
0.000536874
-0.00342858
0.00346873
0.0239862
0.00160434
-0.120058
-0.00537879
0.0166494
0.00090741
0.109098
-0.001334
-0.0378199
0.00626817
-0.000815696
-0.00352321
-0.0454653
0.00101931
-0.062599
-0.00674767
0.181972
0.00763447
-0.0883902
-0.00166977
0.0281623
0.00234015
-0.128437
-0.00470869
0.137217
-0.000640882
-0.0988591
0.00224659
0.213457
0.00352601
-0.259328
-0.00265512
0.0997899
-0.00190082
-0.026901
-0.00156612
0.075324
0.00397191
-0.0140559
0.000430133
-0.0242395
0.00136494
-0.0927852
-0.00780466
0.0929575
0.00559061
0.0621151
-0.00214629
-0.0780109
0.00600008
0.0157525
-0.00557329
-0.0611534
-1.42708e-05
0.0247655
-0.00240105
0.132401
0.00665326
-0.11899
-0.00218475
-0.0055925
-5.65316e-05
-0.0203827
-0.00418033
0.0597458
0.00236234
-0.000124334
0.00166
0.0615266
0.00328605
-0.188537
-0.00688816
0.11212
0.00236143
0.0179383
-0.00240475
0.00122459
0.00640602
0.0153498
-0.0027225
-0.0930693
-0.000425129
0.0159191
-0.00487197
0.0720544
0.005832
0.0448365
-0.000551147
-0.150337
0.0019439
0.12095
-0.00486009
-0.158338
0.000230843
0.201359
0.000574318
-0.0713433
0.00582276
-0.0158681
-0.0056138
-0.0806491
0.00164784
0.111846
-0.00503917
-0.0455383
0.00673671
0.0723103
-0.00145957
-0.0608468
0.00220902
-0.10028
-0.00752468
0.14844
0.00461414
-0.0303083
-0.000843121
-0.0026594
0.00428991
-0.000942646
-0.00355806
-0.101081
-0.00195775
0.118334
-0.000642852
-0.0118888
0.00520774
0.048746
-0.00147091
-0.186124
-4.23377e-06
0.197495
-0.00452665
-0.196817
0.0027396
0.262086
0.0013813
-0.181992
0.00310951
0.0091027
-0.0061956
0.00116923
0.00150951
0.0402216
-0.00143346
0.0278276
0.0051184
-0.039645
-0.00126285
-0.0119883
-0.00192879
-0.0771921
-0.00318941
0.178985
0.00415866
-0.0926883
0.000736487
-0.00471963
0.000897275
0.0140951
-0.00370315
-0.104927
-0.00113654
0.198306
0.00244558
-0.115954
0.00301519
0.042984
-0.00197258
-0.111279
-0.00250896
0.119065
-0.000320296
-0.054719
0.00150444
0.0847088
0.00395256
-0.0765799
-0.00332906
-0.0809352
-0.00187379
0.157743
-0.000634234
-0.0962873
0.00355293
0.0968475
0.000701497
-0.0998908
-0.000772632
-0.0145549
-0.00394956
0.0578068
0.00104796
0.0232137
0.00338127
-0.00176725
0.00040614
-0.0917162
-0.00195816
0.0799909
-0.00220625
-0.0812204
5.12373e-05
0.160489
0.00443951
-0.114336
-0.000684188
-0.0276561
-0.001623
0.0483722
-0.00335693
-0.0353033
0.00344772
0.105075
0.000329404
-0.0950155
0.00309086
0.00518417
-0.00578029
-0.0363218
0.000523544
0.0984982
0.000595259
-0.0283598
0.00377472
-0.0279826
-0.00153788
0.0100532
-0.00191791
-0.0851209
-0.00201606
0.1807
0.00258635
-0.123259
0.00312671
0.0552722
-0.00233772
-0.0832992
-0.00165962
0.0458565
-0.00156892
0.0366563
0.0031589
7.22049e-05
0.00179354
-0.0345311
-0.00112467
-0.0530046
-0.00350386
0.0889932
0.000392639
-0.0383087
0.00299146
0.0634288
0.000776041
-0.0839134
-0.000657696
-0.0219165
-0.00390858
0.084379
0.00106381
-0.0363754
0.00313602
0.0505259
0.000484493
-0.0913993
-0.00150948
0.0256825
-0.00336431
0.00904836
0.00233211
0.0637575
0.000922188
-0.0623218
0.00345457
-0.0121756
-0.00585602
0.0022452
0.000887943
0.00256953
-0.000599295
0.0815399
0.00400632
-0.083722
-0.000421511
-0.0109553
-0.00253202
0.0203874
-0.00187984
0.00419537
0.00198638
0.0485293
0.00309006
-0.0451506
-0.00135736
-0.0401362
-0.00198489
0.0255249
-0.0014236
0.047068
0.00143316
-0.0231478
0.00433865
-0.00114055
-0.00344778
-0.0345058
-0.000631807
-0.0167643
-0.00233055
0.113288
0.0037579
-0.0823013
0.00109149
0.0148887
-0.000686069
-0.0260092
-0.0030773
0.0001397
-0.000942305
0.0585678
0.00508197
-0.00590133
-0.00193031
-0.0602564
0.00206025
0.00010804
-0.00603519
0.0587453
0.00276399
-0.0503689
0.00151389
0.0909514
0.00199383
-0.119155
-0.00297474
0.0207932
-0.00182777
0.0561559
0.00103369
-0.0131694
0.00189231
-0.00847428
0.00218167
-0.00409848
-0.00375218
-0.0463514
-0.00210553
0.0511423
0.00336118
0.0589572
-0.000731393
-0.106323
0.00435329
0.0442184
-0.00694059
-0.0123692
0.00240923
-0.0189995
-0.00224961
0.107347
0.00711842
-0.109789
-0.00525049
0.0097339
0.00159569
0.00710246
-0.00418228
0.0544152
0.00345764
-0.074124
0.00241223
0.113805
-0.00130759
-0.18317
-0.00311815
0.129337
0.000698193
0.00396394
0.000540874
-0.0371114
0.00379654
0.0138396
-0.00279217
-0.0173996
-0.00131635
-0.0321175
-0.00228421
0.0935069
0.00600834
-0.0229788
-0.00259058
-0.0841373
0.0021287
0.0768967
-0.0051796
-0.0324524
0.00143887
-0.00214144
0.002653
0.0994745
0.00135757
-0.165288
-0.00324714
0.0803938
-0.000406198
0.0193508
-0.00102362
-0.0201111
0.00402521
0.0106015
-3.50609e-05
0.00689089
-0.00155084
-0.0894939
-0.00390858
0.108386
0.0046427
0.0102248
-0.0012321
-0.101689
0.00333498
0.0946683
-0.00410633
-0.0767629
-0.00176465
0.0181753
0.00279943
0.100094
0.00166093
-0.11975
-0.000187735
0.0115355
-0.0026469
0.055197
-0.000591139
-0.0538483
0.000664496
0.0555177
0.00396462
-0.00413376
-0.00161045
-0.081332
-0.00395643
0.0412593
0.00269588
0.0966701
-0.00204824
-0.165874
0.00601052
0.171598
-0.00425389
-0.156043
-0.000619154
0.0540456
-0.00203989
0.0675958
0.00498466
-0.0543433
-0.00124643
-0.0273956
0.000410163
0.0411368
-0.0028845
-0.0239977
-0.0010448
-0.00924329
0.00490153
0.116194
-0.000556714
-0.190537
-0.00201081
0.107914
-0.000675511
0.0231808
-0.00127872
-0.0904794
0.00430355
0.134375
-0.000365334
-0.129707
-0.00123071
0.0321491
-0.00405325
0.0240743
0.00493977
0.0479885
-0.0019577
-0.121483
0.00418963
0.127095
-0.00499414
-0.111602
-0.000509914
0.0315997
0.0011432
0.119683
0.00367419
-0.184319
-0.00288414
0.115635
0.000687589
-0.0467307
-0.00390524
0.0136871
0.00358209
0.0121095
0.00154849
0.0366131
-0.000101499
-0.137939
-0.00439687
0.137727
0.00244708
-0.0379953
-0.00119402
-0.0334678
0.00436259
0.0705459
-0.00213926
-0.0825963
-0.00273806
0.000646005
-3.07409e-05
0.112313
0.00348766
-0.109735
-0.000915098
0.0286926
0.00126042
0.02492
-0.00458721
-0.0660406
0.0014897
0.0770392
0.00178965
0.00747855
0.0025072
-0.0964297
-0.00484963
0.0717118
0.00198804
-0.00235702
-0.00333036
-0.0324576
0.00539013
0.0584428
-0.00063166
-0.0360866
-0.00183815
-0.078325
-0.00242898
0.165626
0.00278258
-0.136526
0.00018316
0.0735668
0.00208038
-0.0231634
-0.0030543
-0.0384391
-0.00194527
0.0483832
0.00225803
0.0174789
0.00260924
-0.0355405
-0.00214134
-0.0385045
0.000384029
0.111612
-0.00372489
-0.162838
0.00352723
0.20387
0.00136234
-0.161315
-4.40522e-05
0.0446642
-0.00415304
0.0164985
0.00230987
-0.00583401
-0.00131029
-0.000796714
0.00458775
0.0152183
-0.00267913
-0.0378212
-0.00184004
-0.00526047
-0.000770749
0.0777523
0.00386665
-0.06839
-0.00118031
7.34431e-06
0.00130775
0.0601231
-0.00424703
-0.131452
0.00102085
0.186614
0.00240599
-0.152875
0.00133296
0.0877664
-0.00324312
-0.0809586
0.000424717
0.0919121
-0.0018997
-0.0852214
0.00425796
0.0975122
-0.000229715
-0.0918715
-0.00165336
0.01796
-0.00268037
0.0461425
0.00310456
-0.0384376
-0.000324116
0.0132903
0.00251274
0.0154089
-0.00342582
-0.076149
-0.00142213
0.108975
0.00196942
-0.075385
0.00220294
0.0525129
-0.00124897
-0.0670875
-0.00075228
0.0635015
-0.00235754
-0.0559577
0.00233474
0.0706455
0.00202534
-0.0468983
-0.000581364
-0.0238165
-0.00334235
0.0618549
0.00134098
-0.0646127
-0.000103345
0.0758394
0.00294191
-0.0612854
-0.000858715
0.011346
-0.00377221
0.00606684
0.00184117
0.00511119
0.000338957
0.0127432
0.00294318
-0.0315906
-0.00325695
0.0203299
0.00046898
-0.0258799
-0.00309647
0.0448126
0.00564993
-0.0196169
-0.00142822
-0.0239313
-0.000886635
0.0418962
-0.00138628
-0.0708259
-0.000404339
0.114046
0.00303364
-0.114215
0.000471354
0.0876957
-0.00222937
-0.0828928
-0.00140444
0.0706554
0.000866793
-0.0386469
0.00288509
0.0369326
-0.00178503
-0.0521277
0.00152479
0.0320283
-0.00629521
-0.00596629
0.00672794
0.00795181
-0.00264157
-0.00632976
0.00338073
0.00948843
-0.0049365
-0.0584703
0.00135
0.11191
-0.000407516
-0.117739
0.00341321
0.106846
-0.00111233
-0.0969546
-0.0030674
0.0654164
0.00118226
-0.0460666
0.000207169
0.0734694
0.00230568
-0.0941381
-0.000396289
0.0706667
-0.0037166
-0.0387467
0.00164175
0.00705611
0.000485308
0.0309503
0.00266881
-0.0256799
-0.00292676
-0.0375986
-3.15832e-05
0.089311
-0.00179217
-0.0979305
0.00341392
0.0904946
0.00113597
-0.0650501
-0.00342887
0.0325774
0.000990412
-0.0513316
-0.00224247
0.116537
0.00443211
-0.154426
-0.00113618
0.145487
-0.000302145
-0.111982
-0.00332219
0.0533592
0.00287386
-0.00359934
0.000633913
0.0228597
0.000642271
-0.0855418
-0.00153615
0.116645
-0.00191507
-0.102765
0.00117578
0.0570149
0.00352564
0.0156098
-0.00315347
-0.0606075
0.00152749
0.0235012
-0.0044972
0.0524325
0.00498759
-0.0968146
-0.00185531
0.100308
0.00366986
-0.0682933
-0.00700829
0.0158839
0.00436652
-0.0108695
-0.00212064
0.0907084
0.00380564
-0.192196
-0.00184559
0.24621
-0.0016856
-0.239686
-0.000817354
0.171663
0.00323597
-0.0735239
-0.000369838
0.0260859
-3.48163e-05
-0.0547011
-0.0025459
0.0927215
0.000778959
-0.0858645
0.000683666
0.0268404
0.00354749
0.0777901
-0.00534312
-0.173563
0.00235566
0.17484
-0.00271132
-0.0778451
0.00416593
-0.0388441
-0.00091401
0.117446
-0.000205455
-0.135819
-0.00354161
0.0945738
0.00328361
-0.0556712
0.00016681
0.0930952
0.000649403
-0.187469
-0.0011159
0.258701
-0.00235297
-0.257656
0.00183693
0.167937
0.00223289
-0.0127569
-0.00120551
-0.117387
-0.00131994
0.145731
-0.000409532
-0.0980035
0.000126606
0.0464213
0.0030364
-0.0364081
-0.00110413
0.0880586
-0.00248777
-0.170643
0.000457555
0.193677
0.00132504
-0.107732
0.000569124
-0.0350893
0.000773582
0.153796
-0.0033847
-0.194395
0.000309814
0.135278
0.00245843
-0.0246936
0.000174547
-0.0371834
-0.000970768
0.00985078
-0.000809785
0.0557715
-0.00138821
-0.0929141
0.00306552
0.0569097
0.000779717
0.0588106
-0.002375
-0.184128
-0.000656076
0.219683
0.000715722
-0.14623
0.000308296
0.0268879
0.00280173
0.0651385
-0.00360512
-0.0752632
-0.000348114
-0.000401322
0.000550111
0.0832763
0.00244211
-0.0854952
-0.00164019
0.00572201
0.00112358
0.0922993
-0.00402843
-0.14103
0.00289432
0.0936792
0.00178787
0.0315175
-0.00170176
-0.137936
-4.02477e-05
0.144855
-0.0018969
-0.0627341
0.00180469
-0.0439041
0.00101858
0.104909
0.000880018
-0.0734586
-0.00420705
-0.0206493
0.00196784
0.0805317
0.000503288
-0.046255
0.000122571
-0.0562671
0.00229619
0.160214
-0.00565323
-0.194737
0.00328178
0.123285
-0.00073668
0.00300358
0.00293797
-0.0821103
-0.00331294
0.0659329
0.00115325
0.0157876
-0.0024776
-0.0990076
0.0030779
0.1142
0.00165428
-0.036686
-0.00428665
-0.0682464
0.0022566
0.107015
-0.00240141
-0.051815
0.00300935
-0.0581701
0.000597185
0.154207
-0.00221503
-0.165656
-0.000652545
0.0819638
0.000148372
0.0189699
0.00333395
-0.052473
-0.003333
0.00322524
0.00350258
0.0887961
-0.00660655
-0.155682
0.00558395
0.133457
-0.00082192
-0.0308848
0.000221309
-0.0656273
-0.00124159
0.085271
-0.000866344
-0.0257857
0.000798771
-0.0687677
0.00201795
0.126508
-0.000485688
-0.089815
-0.00252411
-0.0153059
0.000475117
0.100565
0.00185851
-0.110155
-0.00141313
0.0497658
0.00378873
0.0357273
-0.00691507
-0.0746015
0.00442838
0.0227002
-0.00139243
0.0756575
0.00259949
-0.135072
-0.00230784
0.115678
4.29436e-05
-0.0309063
-0.00143404
-0.0692305
0.00251884
0.11026
0.00121976
-0.0604305
-0.00309252
-0.0244085
0.000651883
0.0690376
-0.000119395
-0.0485152
-3.31864e-05
-0.0198416
0.00401624
0.084127
-0.00588518
-0.0754576
0.00302031
-0.0163286
-0.00260002
0.121475
0.00454217
-0.172635
-0.003216
0.153017
0.00223667
-0.0807615
-0.00434132
0.0110121
0.0029927
-0.007438
0.00165586
0.0640993
-0.00233901
-0.111181
0.00120159
0.100745
-0.00251197
-0.0303791
0.0014045
-0.0735221
0.00252903
0.147811
-0.00237968
-0.136233
0.000339067
0.0622003
-0.00231236
0.00424527
0.00409256
-0.0260572
-0.0030628
0.00126621
0.00459182
0.046848
-0.00693229
-0.0595247
0.00411612
0.000452696
-0.00063691
0.0867527
0.00105084
-0.13616
-0.000379315
0.124286
-0.00162275
-0.0554407
-0.00033566
-0.0378707
0.00252606
0.0901839
-0.000348366
-0.0744093
-0.000493622
0.0382532
-0.00217853
-0.0307274
0.00275733
0.0600624
-0.00276046
-0.118388
0.00623115
0.169815
-0.00773289
-0.156517
0.00459645
0.0763371
-0.0032828
0.00894546
0.00396803
-0.0556357
-0.00182124
0.0564627
0.000446499
-0.0157524
-0.00260254
-0.028046
0.00220115
0.0237307
0.00108032
0.0161296
-0.000897014
-0.0354988
-0.000792323
0.0129302
0.000130521
0.0453695
-0.00166683
-0.125134
0.0058866
0.177474
-0.00625692
-0.158914
0.00435921
0.0982508
-0.00549113
-0.0493574
0.00603762
0.0258209
-0.00388806
-0.0268741
0.00430877
0.0437206
-0.00598573
-0.0330277
0.00329504
-0.0275434
4.62601e-05
0.0922006
3.28969e-05
-0.115862
0.000893777
0.098461
-0.00292745
-0.045968
0.00101849
-0.0217008
0.00151733
0.0534771
-0.000116211
-0.0360896
-0.000448444
0.0167354
-0.0017727
-0.0229394
0.00183004
0.044839
-0.00133028
-0.0783129
0.00431619
0.102247
-0.00596182
-0.0750354
0.00347451
0.00766686
-0.00238547
0.0439465
0.00285281
-0.0615901
-0.000576254
0.056128
-0.000995333
-0.0295611
-0.000939114
0.00872371
0.000815123
-0.0301028
0.00211663
0.0700647
-0.00238015
-0.0810049
0.00167658
0.0637193
-0.00333598
-0.033852
0.00289808
-0.00434553
0.000501485
0.0196826
-0.000926309
0.0115445
-0.000591705
-0.0494752
-0.000560615
0.0526566
0.00116722
-0.0319919
0.000608828
-0.00014549
0.00024598
0.038587
-0.00278054
-0.0494069
0.0016279
0.02142
0.000391452
-0.00105145
0.000187693
0.0133492
0.000619392
-0.0348557
-0.00279928
0.0545193
0.00141131
-0.0640929
0.000866925
0.0323087
0.000303647
0.0324019
-0.000968544
-0.0749508
-0.000614881
0.0807353
8.41974e-05
-0.0741287
0.00093463
0.0586658
0.00162071
-0.0443821
-0.00359105
0.0582659
0.0020763
-0.0784567
-0.00165499
0.0569096
0.00239876
-0.00198189
-0.00043588
-0.0528224
-0.0009704
0.100453
-0.00112012
-0.121842
0.00180211
0.095538
1.00716e-05
-0.0577553
0.000311972
0.0514562
-0.00123628
-0.0582962
-0.000219143
0.0534052
-0.000171074
-0.0395278
0.00359257
0.00224565
-0.00467414
0.0620722
0.00386247
-0.102644
-0.00504421
0.0885172
0.00532207
-0.0526737
-0.00305935
0.0202445
0.00306956
0.00572854
-0.00495383
-0.00326605
0.00383659
-0.0234224
-0.00186577
0.0226632
0.00205823
0.0171039
-0.000891989
-0.0535667
-0.00157328
0.0692996
0.000550901
-0.0641351
0.00190264
0.0235448
-0.00163267
0.0274654
0.00170539
-0.032319
-0.00352847
-0.00557017
0.00311324
0.0405811
-0.00190576
-0.0604737
0.00392185
0.0603074
-0.00572431
-0.0272471
0.00442833
-0.00353705
-0.00381549
-0.0145456
0.00397325
0.0571776
-0.0014531
-0.0775641
-0.000695392
0.070204
-0.000636996
-0.0315626
0.00126325
-0.0369574
0.000179922
0.082225
0.000126781
-0.0637519
-0.000767217
0.0179322
-0.00104024
0.0138871
0.0014196
-0.0298323
0.0011366
0.0224368
-0.00191367
-0.000155828
0.000931569
0.0176696
-0.00152189
-0.0921939
0.00117906
0.167815
0.00157113
-0.204265
-0.00215996
0.199712
0.000444962
-0.148519
-0.000814997
0.0770993
0.00179927
-0.0494943
-0.000883505
0.0718837
0.00130995
-0.0882169
-0.00323006
0.0734886
0.00220149
-0.0328527
0.000270998
-0.0318993
-0.000266785
0.079306
0.000127496
-0.0509429
-0.00111342
-0.0336836
-0.000285597
0.10704
0.00274637
-0.143557
-0.00220436
0.14065
0.00124297
-0.101095
-0.00258408
0.0760346
0.00310403
-0.114168
-0.00267405
0.178367
0.00447518
-0.205679
-0.00591362
0.183476
0.00392034
-0.116167
-0.00210236
0.0237043
0.00213746
0.026292
-0.000962926
0.00488424
-0.00014956
-0.0647552
-0.00143262
0.0936614
0.00223033
-0.0817971
-0.000392782
0.030584
-0.00010791
0.031899
-0.000983411
-0.0362538
0.00073335
-0.0342709
-0.00122963
0.111048
0.00391393
-0.139569
-0.0046362
0.114062
0.00284928
-0.0405119
-0.00251585
-0.0361789
0.00278555
0.0424075
-0.00152937
0.0210976
0.00165512
-0.0792252
-0.00353425
0.0869493
0.0030492
-0.0417803
-0.00107196
-0.0445666
0.00113999
0.113341
-0.00142349
-0.0962612
0.000648751
0.016104
-0.00187294
0.0467475
0.00408242
-0.0544495
-0.00340616
0.00561757
0.00181073
0.0798017
-0.00201957
-0.130414
0.0016219
0.088108
-0.000483208
0.00409015
0.00161604
-0.0652392
-0.00298149
0.0640766
0.00156282
-0.000327736
-0.000283396
-0.0951554
0.00088585
0.14107
-0.000708068
-0.0933938
0.000582078
0.0112004
-0.00286821
0.0297417
0.00448928
-0.00616312
-0.00332406
-0.077351
0.0027002
0.174727
-0.00320117
-0.197792
0.00231397
0.12047
-0.00181759
-0.0162563
0.00334294
-0.0428409
-0.0033932
0.0349616
0.0011858
0.0344051
-0.000301718
-0.108467
0.000374626
0.101533
0.000580359
-0.0097764
-0.000168975
-0.083437
-0.00213444
0.114069
0.00253385
-0.0659286
-0.00129658
-0.0449922
0.0015837
0.143479
-0.00201098
-0.14408
0.00123276
0.0596938
-0.00192252
0.0239395
0.0035519
-0.0507579
-0.00263441
0.00607082
0.000661453
0.0875485
-0.000362278
-0.146541
-0.000134502
0.0997315
0.00119845
0.0162785
-0.000133626
-0.111162
-0.0015122
0.133169
0.000761696
-0.0698586
0.000131593
-0.0432094
0.000609068
0.110129
-0.00063725
-0.0695868
0.000334114
-0.0294408
-0.00193323
0.102576
0.00300635
-0.106011
-0.00143703
0.0317429
0.000131235
0.0725124
-5.48817e-05
-0.108191
-0.00100282
0.0348241
0.0017239
0.0809169
-0.000395008
-0.154782
-5.903e-05
0.144092
-0.00144581
-0.0447578
0.00179903
-0.0808047
-0.00106231
0.130198
0.00128764
-0.0767311
-0.000685457
-0.00921652
-0.00149776
0.0543773
0.00197809
-0.0238267
-0.000676865
-0.0767242
0.000598477
0.17144
-0.000871992
-0.16436
3.91287e-05
0.0524734
-0.000357387
0.0814273
0.00177777
-0.161936
-0.00119628
0.149576
-0.000379888
-0.0535866
0.000305523
-0.041695
-0.000128351
0.048361
0.000680271
0.0225887
0.000313261
-0.0925192
-0.00182962
0.0994054
0.00108626
-0.0158156
9.90509e-05
-0.129482
0.000267813
0.236653
-0.000214093
-0.225842
-0.000317088
0.123195
-0.000819191
-0.0104676
0.00188909
-0.0477681
-0.000824533
0.0189562
0.000115159
0.0656205
-0.000974875
-0.109676
0.00122091
0.0544234
-0.00143698
0.057908
0.00324141
-0.147712
-0.00421722
0.157264
0.00304756
-0.0656761
-0.00251927
-0.0747016
0.00297493
0.156902
-0.00233608
-0.129371
0.00185917
0.0374671
-0.00264986
0.0452605
0.0020936
-0.0630571
4.81784e-05
-0.00237319
-0.000796723
0.0935158
0.000544534
-0.113949
-0.00102431
0.0360373
0.000566374
0.0817213
0.00112357
-0.164685
-0.00125695
0.158313
0.000386871
-0.0548342
-0.00111859
-0.0724551
0.00219205
0.125322
-0.00224318
-0.0823156
0.00309512
-0.00255031
-0.00426183
0.0638876
0.00322399
-0.0530331
-0.00148447
-0.02859
0.0013155
0.103391
-0.00104424
-0.0884788
3.99968e-05
-0.015943
-0.000236904
0.145343
0.000514517
-0.229019
0.00112707
0.216145
-0.00248845
-0.116198
0.00198574
0.0136741
-0.00170954
0.0139715
0.00174571
0.0299873
-0.000483587
-0.0904262
-0.000271513
0.108499
-0.000876461
-0.0461272
0.00130415
-0.0711375
-0.000228589
0.154185
-0.000127568
-0.138726
0.000287258
0.0418848
-0.00146104
0.0742256
0.00146097
-0.143691
0.000258917
0.125114
-0.000812771
-0.0464767
0.00018947
-0.00826205
-0.000466321
-0.0119981
0.000570377
0.0855134
0.000187056
-0.156367
0.000528936
0.167976
-0.00235562
-0.0938134
0.00242833
-0.0217134
-0.00151046
0.0914819
0.00138932
-0.0723216
-0.000667337
-0.00938376
-0.000640323
0.0961603
0.000186728
-0.128714
0.000887514
0.0814203
-9.33318e-05
0.000951695
-0.0010648
-0.0417508
0.00122508
0.0117648
-0.00195592
0.0583402
0.00260661
-0.11454
-0.00119527
0.105449
-0.00028895
-0.0199373
-0.000220216
-0.0846635
0.000798099
0.131243
-0.000733069
-0.0951429
0.00161896
0.00755705
-0.0022006
0.0775837
0.000981157
-0.108278
-0.00046729
0.0742677
0.00191825
-0.0279586
-0.00296964
0.0309772
0.00340649
-0.0925747
-0.00451208
0.175121
0.00449203
-0.225039
-0.0025564
0.197286
0.00165135
-0.0950263
-0.00233693
-0.0186824
0.00229603
0.0791972
-0.00205265
-0.0740301
0.00262731
0.0330067
-0.0020048
-0.00153412
0.000255193
0.0173613
-0.000426249
-0.072448
0.00214761
0.108994
-0.00309667
-0.0787004
0.00412615
-0.0137891
-0.00554013
0.126924
0.00506002
-0.207805
-0.00350554
0.216324
0.00373301
-0.162426
-0.00459879
