mu
1
0.000244807
-0.500575
-0.000695828
0.119854
0.00026508
-0.134923
-0.00114676
0.047383
0.0019337
-0.0927358
-0.000455232
0.0172855
0.00114689
-0.0601454
-0.0011381
0.0431674
-0.000172249
0.0160791
-0.000428813
0.103907
-0.000231919
0.0544292
0.000958034
0.0412161
-0.000687129
-0.0885119
0.000227982
-0.118658
0.000164119
-0.113525
0.000174924
0.0392466
0.000676806
0.113326
-5.37622e-05
0.0811524
-0.000866552
-0.0618649
-0.000627944
-0.0349166
-0.000210946
0.112253
0.000848875
0.124795
-4.7153e-05
-0.146591
0.000581759
-0.237335
-0.000202769
0.0153709
-0.000426895
0.144169
0.000906896
-0.055678
-0.000508254
0.0335964
9.05715e-05
0.237994
-0.000982141
-0.0639663
-0.000391649
-0.219063
0.000568635
0.141629
0.000537944
-0.00362751
0.000745512
-0.187947
4.65332e-05
0.110115
-0.000841805
-0.106216
7.99645e-05
-0.0573371
-0.000428148
0.394098
0.000473834
-0.0458977
-0.000423497
-0.0721879
-0.000326321
-0.031399
0.000106818
-0.251039
0.000330677
0.25781
0.00113447
-0.110479
-1.36698e-05
-0.117803
-0.000554972
0.166075
-0.000473044
-0.0668684
-0.000790206
0.256216
0.000555985
-0.201036
-0.000180549
0.145013
0.000936695
0.0210804
-0.00108494
-0.309052
0.00142812
-0.0131245
-0.000995729
-0.0275896
0.00134618
0.376878
-0.000750203
-0.265875
-0.000530826
0.145236
-0.000598617
-0.018364
-0.000367882
0.0310556
0.00127401
0.00275928
-0.000298489
0.00067106
0.00105581
-0.14269
-0.000905516
-0.267363
0.000279407
0.381111
1.61994e-05
-0.0997434
-0.000223395
0.117603
-2.50951e-06
-0.00631954
-0.000682563
0.157852
-0.00019403
-0.312957
0.000411287
0.172591
0.000368732
-0.217991
0.000981132
0.146425
7.38795e-05
-0.0190721
-0.00127107
-0.186133
0.000336348
0.065924
-0.000711555
0.392698
0.00064952
-0.120644
-0.000272515
-0.0595668
-0.000297255
-0.0887405
0.000244323
-0.112081
0.000142273
0.133853
0.00131402
-0.179226
-0.000442593
0.174294
-0.000471716
-0.0183129
-0.000518115
-0.0726138
-0.00038872
0.227439
-0.000210616
0.0200838
0.00094952
-0.187147
-8.17187e-05
0.143433
0.000234358
-0.246214
-0.000127931
0.0140132
0.000213359
-0.175388
0.00025776
0.445701
-7.16153e-05
-0.0408016
-0.000809054
-0.166502
-0.000492292
0.115358
-0.000221662
-0.0179916
0.000754771
0.0555868
0.00105126
-0.0499673
-0.000466828
-0.272266
0.000273186
0.108162
-0.000799504
0.0152475
0.000571969
0.160833
-0.000398444
-0.132632
-4.21391e-05
0.384317
-0.000580626
-0.317648
-0.000225786
-0.0300211
0.000978804
0.05897
-0.000269441
-0.140241
0.0014529
0.0756571
-0.000595245
-0.0288927
-0.000656077
-0.000383781
-0.000368667
-0.032674
-0.000459646
0.228602
0.00106932
0.0700565
-0.000932949
-0.0136108
0.000813667
-0.364198
-0.000551586
0.0211035
0.0005695
0.270884
0.000566642
-0.339097
0.000261742
0.238097
-0.00121003
-0.0377606
7.59257e-05
0.0970255
-0.000869243
-0.030362
0.000545474
0.0808403
0.000514141
-0.0869098
-6.96823e-05
0.0468568
0.000660132
-0.253532
-0.00101287
0.0164409
0.00108845
-0.0115253
-0.0005533
0.272094
0.000512304
0.0244986
-0.00130795
-0.180231
-8.28907e-07
0.241601
-0.000623924
-0.311058
0.00144345
0.220483
0.000439621
-0.0298479
2.78005e-05
-0.246728
-0.000249815
-0.066502
-0.000432952
0.263537
-0.000120572
0.0240302
4.62767e-05
0.0196365
9.30668e-05
0.0157027
-0.000564528
0.117855
-4.36293e-05
-0.284842
0.000352773
0.0260745
0.000769716
-0.10342
0.000268475
0.256778
0.00021138
-0.18303
-0.00131755
-0.089374
-3.64594e-05
0.308104
-0.000376889
-0.124
0.000637644
0.248058
0.000227877
-0.162938
-0.00067113
-0.211127
0.000950273
-0.0186013
-0.000873861
0.0847582
0.00196562
-0.0314878
-0.00129548
0.0973119
-2.04611e-05
0.0194553
-0.00056234
-0.0691415
-0.000932627
0.222793
0.00127994
-0.117909
-0.000217424
-0.0738397
0.000972544
0.0143183
-0.000468712
-0.0795144
-0.000196884
-0.0786918
1.30613e-05
-0.149092
0.000484803
0.578226
-0.000507912
-0.171901
-0.000242313
-0.111985
-0.000583092
0.0684462
-0.000190153
-0.0607055
0.00114976
0.0470935
0.00043596
-0.0833886
0.00019781
-0.103326
-0.00069495
0.00677227
-6.23506e-06
0.0858988
-0.000312605
0.0349814
1.11387e-05
0.265594
0.000185198
-0.26369
-0.000693983
0.157255
0.000405733
-0.223568
-0.000128929
0.0190943
0.00126256
-0.125993
-0.00024562
0.214326
0.000455074
-0.0586646
-0.00146074
-0.0566173
-0.000165022
0.149275
-0.000171688
-0.0945615
0.000705214
0.351608
5.04214e-05
-0.227054
-6.5771e-05
-0.37249
0.000155055
0.215803
-0.000141897
0.0107869
0.00110296
-0.0436879
-0.000749095
0.0844118
-0.00019506
0.0897173
-0.00075133
0.00482332
-0.000407642
-0.093461
0.000870132
0.127244
0.000157949
-0.0716665
0.000345033
-0.154442
0.000728186
0.0473015
-0.00164524
-0.127117
0.00122444
0.0948494
-0.000678001
0.135915
7.96218e-05
0.213361
-0.00015492
-0.264711
-0.000980099
0.113981
0.000794623
-0.309011
-8.07302e-06
0.37918
0.00154992
-0.241542
-0.000928344
-0.126883
0.00030114
0.120657
-0.000929441
-0.0105248
0.000105382
0.230864
-0.000156706
-0.0524664
0.000191172
-0.0452825
-4.57486e-05
0.0999952
-0.000238827
-0.214595
0.000684327
-0.159026
-7.5103e-05
0.149105
0.000892
0.156202
-0.000504508
-0.214275
-0.000609218
0.144702
-0.000842641
0.0649843
0.000249134
-0.0545581
0.0006725
0.137797
9.10734e-05
-0.00273747
0.000120211
-0.386289
-0.000560113
0.0634683
0.00094958
0.0799483
-0.000348827
0.0945608
0.00061902
0.0478967
-0.00114931
-0.125703
-0.00020405
0.28512
-0.000668053
-0.241746
0.000873521
0.112578
0.000372349
-0.142755
0.000523648
0.00375848
0.000276007
0.0397899
-0.00132016
-0.278464
0.000848165
0.263902
-0.000489454
0.134585
5.05795e-05
0.109779
-0.0002067
-0.196536
-0.000961692
-0.0102911
0.00105716
-0.100014
-7.04389e-05
0.15301
0.00141577
-0.212838
-0.000499831
0.1078
-0.000560961
-0.0369786
-0.000418951
-0.058359
-0.00017668
0.295169
-7.96176e-05
0.0910586
0.000640027
-0.361106
-0.000638888
0.259532
0.000638736
-0.201507
-0.000411781
-0.149951
0.00115792
0.0771404
-0.000327698
0.135904
-6.92967e-07
0.0874885
-0.000747247
-0.197789
-0.000787869
0.193777
0.000475892
-0.094298
0.000151376
0.267795
0.000989115
-0.294754
-0.000780825
-0.15655
0.000689183
0.0584797
-0.000684383
0.00594474
0.0008988
0.15729
-0.000712215
-0.0220562
0.000331924
0.0998902
-0.0015412
-0.0494437
0.000520432
-0.0573264
0.000435066
0.032429
0.00021111
-0.0294502
0.000952634
-0.17518
-0.000404451
0.138329
-0.000406982
-0.124924
-0.000241842
0.0890554
3.8789e-05
0.142932
-0.000109303
0.112911
-7.43331e-05
0.0446804
-0.000601855
-0.516507
0.00060548
0.275727
0.000475368
0.071621
0.000532831
-0.237802
0.000510869
0.108831
-0.00164723
-0.00723499
0.000347178
0.0515115
-0.000839979
0.117166
0.000592023
0.0786247
0.000295559
-0.194639
-0.000390113
0.127518
0.000709819
-0.26086
-0.000603117
-0.0561266
0.00102918
0.178533
-0.000111363
-0.0316431
-0.000309824
0.159054
-0.00055471
-0.118957
-0.000864481
0.104947
0.000332353
-0.099523
0.000649164
0.154309
0.000787825
-0.0668232
-0.000457036
-0.277441
-0.000187307
-0.0245314
0.000296714
0.156562
-3.91835e-05
0.190667
-0.000100105
-0.10215
-0.00032776
-0.0125321
-0.000828891
0.201479
0.000305046
-0.235477
0.000337654
-0.0372891
0.000955755
0.0532359
-7.06785e-06
-0.051098
2.1488e-05
-0.0020573
-0.000635558
-0.180715
-0.000420682
0.396994
0.000315102
-0.184675
-0.000140786
0.299621
0.000116458
-0.153812
-0.000824294
-0.259948
0.00107954
0.0568146
-0.000354638
0.0890717
0.00166856
-0.141696
-0.000960617
0.197352
-0.000325503
-0.178745
-0.000822211
0.0605815
-2.07019e-05
0.341754
0.00028489
-0.242595
0.000306963
0.0234894
0.000137631
-0.103128
-3.17907e-05
0.0350135
0.00033107
-0.239853
-0.000162376
0.127352
0.000919974
0.188858
-0.00156294
0.0658418
0.000568873
-0.140817
-0.00141161
-0.0315894
0.000635083
0.217181
0.000665093
-0.170882
0.000602867
0.00011865
7.28473e-05
-0.147092
-0.000853962
-0.0458086
0.000662541
0.0818571
-0.0006614
0.171991
0.000489963
0.12696
-0.000722744
-0.243666
-0.000476399
0.193747
0.000345083
-0.162735
0.000401539
-0.016711
0.000778112
-0.0444764
0.000283239
-0.0115296
-0.000589423
0.0576508
-0.00027737
-0.089924
-0.000677293
0.165598
0.000293892
-0.0463406
0.000166136
0.321995
2.98067e-05
-0.196513
-0.000349799
-0.426567
0.000464188
0.313973
0.000177122
-0.0499416
0.000776113
-0.0998589
-0.000102145
0.187032
-0.00109573
-0.140669
-0.000368026
0.178643
-0.000245659
-0.0105204
0.00068247
0.0344251
0.000160488
0.00151615
8.81929e-05
-0.231138
0.000624085
0.000800878
-0.000925849
0.0202166
0.000747605
-0.028077
-8.8434e-05
0.124247
-0.000499516
0.208724
-2.7176e-05
-0.165627
-0.00117536
-0.0613054
0.000783914
0.0324443
0.00062763
0.105337
0.000681721
-0.147091
-0.000293248
-0.134946
-0.000397634
-0.0290897
-0.000261412
0.125514
0.000220063
0.259432
-0.000139023
-0.173271
-0.000106544
0.0997911
-0.000573108
-0.0711198
0.000200168
0.0286787
0.000789521
-0.340538
-6.71851e-05
0.356659
0.0011877
-0.192569
-0.00173834
-0.00897784
0.00115415
0.0833541
-0.00219536
0.0817731
0.0014983
0.00838064
-0.000360932
0.0978152
0.0002346
0.0407762
-0.000185479
-0.471668
-2.91199e-05
0.190432
0.000783333
-0.0497984
7.74834e-05
0.171873
0.000117901
-0.0089966
-0.000908483
-0.224193
-0.000467986
0.407927
-0.000240609
-0.142278
0.000760139
-0.0404694
5.8773e-05
0.0612507
0.00046706
-0.231438
-1.07164e-05
0.0799597
-0.00043191
-0.135748
0.00043732
0.0899944
5.08396e-05
0.205043
-0.000593148
0.0732781
-0.000179295
-0.162628
-0.000726315
-0.0216529
0.000568229
0.0549552
0.000636856
-0.0248391
0.000688453
-0.11719
-0.000129109
0.0603028
-0.00086444
-0.18385
0.000334443
0.114814
-0.000428309
0.298278
0.000137008
-0.00655311
-0.000143638
-0.238159
-0.000338823
0.128539
0.000255081
-0.0517119
0.000283963
-0.185282
0.00078239
0.0583392
0.00012315
0.0762645
-0.000556707
0.00317506
-0.000215082
-0.0150995
-0.00113351
0.0295714
0.000683443
0.117258
0.000224728
0.150035
0.000145282
-0.304946
4.64637e-05
-0.0742742
-5.18635e-05
-0.0370571
0.000296149
0.0481036
0.000481561
0.141817
-0.00048478
-0.0194454
-0.000106964
-0.0380819
-0.001385
0.119588
0.000587564
-0.0166104
0.000577361
-0.0646688
-0.00015501
0.166884
0.00120327
-0.50696
-0.00120131
0.328031
0.000856344
-0.10066
-0.00108899
-0.066289
0.00119038
0.293663
-0.00131457
0.0140499
0.000524544
0.0655652
-0.00115672
-0.456588
0.000836581
0.348656
0.000772645
-0.0742836
3.96537e-05
-0.113176
0.000696811
-0.0440335
-0.00154538
0.00135724
0.00038919
0.0897166
-0.00034476
0.195781
0.000321137
-0.027056
-0.000433796
-0.0600325
0.000116332
-0.0427604
-2.45244e-05
-0.109633
0.000557207
-0.0437856
0.000361892
0.0839759
0.0003883
-0.037069
-0.000786505
0.0649354
-0.000195379
0.0619225
-0.00103042
-0.050142
0.000510354
0.102197
0.000654723
0.0618438
-0.000165635
-0.120931
0.000373732
-0.158815
-0.000492559
-0.167238
0.000787808
0.220788
-0.000126335
0.238501
-0.000178025
-0.256117
-0.000384015
0.0581656
-0.000931379
0.24198
0.000202125
-0.226693
0.000872627
0.0200428
-4.57845e-05
0.0562386
0.000994871
-0.218253
-0.000933148
0.032523
0.000233153
-0.00491941
-0.000384739
0.0932078
-9.05155e-05
0.14577
0.000362919
0.0224933
-0.00079889
-0.0116896
-0.000174594
-0.192919
0.000584796
-0.0314566
0.000328218
0.16011
0.000918142
-0.197857
-0.000408603
0.151888
-0.000586882
-0.238677
-0.000702581
0.175811
0.000566763
0.35039
-0.00033198
-0.283112
0.000321973
0.109537
-0.000107881
-0.245823
-0.000300514
0.166709
0.00107087
-0.253524
-0.000305403
0.0892914
0.000953524
0.124293
-0.00159058
0.0549532
0.000391542
-0.0824633
-0.00106942
-0.0336228
0.000498813
0.31822
0.000723588
-0.258242
-0.000195929
-0.014767
0.000675637
-0.0577696
-0.00113365
-0.207082
0.00120585
0.157044
-0.00058044
0.274281
0.000448082
-0.126364
-0.00115307
-0.041485
-0.000136415
0.124019
-0.000250546
-0.1258
0.00115735
0.123396
-6.40877e-05
-0.220399
0.000837345
-0.0111994
-0.000942277
0.0237691
0.000283458
0.0328636
-0.000623261
-0.030284
0.000135121
0.232199
0.00040704
0.0484757
-0.00109083
-0.0490435
0.000501945
-0.358406
-5.19538e-05
0.21148
0.000784849
0.0135611
0.000397828
-0.118554
0.000225122
0.047535
-0.00151075
-0.0239096
0.000413892
0.079291
-0.000738142
0.18189
0.000936089
-0.0875641
-0.00054883
0.0918554
0.0004782
-0.358258
-0.000305811
0.0735165
0.000544609
0.115896
0.000331278
-0.219227
0.000134926
0.205816
-0.000559308
0.136191
-0.000788844
-0.127561
-0.000138231
0.0106462
-0.000165921
0.0464147
0.00112437
0.103598
0.000321805
-0.255653
-0.000334419
0.0455113
-3.68921e-05
-0.331229
-0.000108406
0.423558
0.00061167
0.0956396
-0.000732957
-0.188176
-0.000205716
0.185347
-0.000780215
-0.117075
0.000369544
0.0332047
0.000947559
-0.11949
2.44018e-06
0.0714449
0.00084043
-0.127908
-0.00128673
-0.0276854
0.000832881
0.0905814
-0.00142627
0.105315
0.000531765
0.0469727
0.00041074
0.0126736
-0.000976039
0.105512
0.000698799
-0.41102
-0.000381949
0.0897875
0.00122841
0.0378786
2.55945e-05
0.130182
6.46064e-06
-0.160768
-0.00137116
-0.0671944
0.000467844
0.306041
-0.000963156
0.00120959
0.00144844
-0.0670952
-0.000857261
0.0305276
0.00081766
-0.225737
-0.000533515
-0.00937181
0.000542099
0.101685
0.000314081
-0.204221
-0.000270522
0.38036
-0.000117941
-0.0685066
-0.00108825
-0.102567
0.000268732
0.0981551
-0.000291024
0.0128197
0.0012254
-0.0706245
5.2554e-05
-0.0496541
0.000202682
-0.0337328
-0.000827769
-0.216528
0.000457653
0.201813
3.41719e-05
0.302932
-0.000291057
-0.146836
-0.000511821
-0.0272764
4.4855e-05
-0.0621462
-0.000346601
0.0954251
0.000866119
-0.0671178
0.00068585
-0.241587
-0.00013111
0.271457
-7.06664e-05
-0.176458
-0.000731079
0.0759974
7.81351e-05
0.0849569
-0.000769477
0.0965045
0.00147667
0.102629
-0.00170395
-0.253002
0.00138779
-0.0219815
-0.00076406
-0.14346
0.00111324
0.158405
0.000505752
0.0323604
-0.000825674
-0.04416
-0.000365846
-0.0168891
-0.000823698
0.132095
0.000136784
0.0424129
0.00100058
-0.00621005
-0.000768572
0.0643265
0.00109773
-0.516093
-0.000749695
0.350722
0.000721998
-0.055584
-0.000358238
-0.150654
0.000546077
0.291218
-0.000962162
0.0606735
-0.000361813
-0.0878259
-0.000416354
-0.113298
0.000595843
0.109735
0.00057113
0.0103057
0.000517102
-0.0975197
5.87266e-05
-0.199994
-0.000899831
0.104832
0.000422815
0.0709911
-0.000498159
0.19402
0.000425595
-0.0272595
-0.00100916
-0.00571579
0.000627529
-0.157484
-0.000756882
0.030906
0.00144506
0.0435833
0.000237502
-0.194498
-0.000101116
0.147658
-0.00026602
-0.103226
-0.000627794
0.121005
-0.000198655
0.106358
-0.000217214
-0.0789055
0.000932869
0.200082
-0.000804007
-0.20273
0.000629674
-0.0945714
-0.000223633
-0.218093
0.00068148
0.267753
0.000362504
0.172448
-0.000566098
-0.313011
-0.000488007
0.125966
-0.000807312
0.240041
2.62051e-05
-0.213933
0.0012008
0.174732
-0.000314021
-0.160321
0.000400272
-0.125612
1.34845e-05
-0.0608538
-0.000456953
0.149451
0.000952068
-0.0837894
-0.00142854
0.27607
0.00135978
-0.120982
-0.00212337
0.0656584
0.00100293
-0.037446
-0.000491549
-0.196959
0.00122502
0.249995
0.000521847
-0.200308
-0.000351586
-0.0293313
-0.000613931
-0.10097
-0.000123179
0.18282
0.000174008
0.24426
-0.000266701
-0.0818271
-0.000192275
-0.0842811
-9.96463e-06
-0.146151
-4.83981e-05
0.193982
0.000858148
-0.213895
0.000583845
-0.0445253
-0.000417715
0.178508
-0.000183081
-0.0474613
-0.000717889
-0.0521285
-0.0003193
0.175153
0.000183136
0.0927937
0.000426515
-0.123438
0.000162065
-0.0335663
-2.17842e-06
-0.128849
-0.000266224
-0.0812874
0.000947944
-0.0118682
-0.000232627
0.437391
2.25121e-06
-0.366583
-0.00117732
0.169549
1.24824e-05
-0.0021606
-0.000357119
0.0182648
0.0012844
0.154084
-0.000246487
-0.346182
0.000561506
-0.0238799
-0.000219838
0.0993062
-0.000497193
-0.0835466
0.000737238
0.118957
-0.0011461
0.0946457
0.00106282
0.0946115
-0.001805
-0.0963671
0.000837766
-0.11716
7.76901e-05
-0.03878
0.000722617
0.201389
0.0007114
-0.245429
-0.000436343
-0.0452951
-0.00107228
0.129399
0.000274704
-0.0196181
-0.00030182
0.195688
0.000782105
0.095414
-0.00108192
-0.178713
0.00060418
-0.174532
-0.00020938
0.0549119
0.000630354
0.135351
0.000757276
-0.30522
-0.000696111
0.229742
0.000131976
0.0186993
-0.00139166
-0.00207581
0.000565355
0.0684844
-0.000286361
-0.0177832
0.000750315
0.136241
0.000140397
-0.254845
-0.00020837
-0.0228874
-0.000103368
-0.236484
0.000467611
0.349968
0.000457152
0.0755566
-0.000903483
-0.171433
-4.67012e-05
0.151869
-0.00128864
-0.0373919
0.00111907
-0.00310158
0.000116756
0.0652147
0.000775481
-0.170963
-0.000415702
-0.0915024
0.000289274
0.0493175
-0.000488673
-0.0888174
0.000202689
0.39733
-0.000533267
-0.248436
0.000521306
0.159394
-0.00121467
0.0917859
0.000564945
-0.327561
0.000245928
0.00160191
0.000610135
0.138086
0.000626003
0.00688753
-0.000345857
-0.241838
-0.00123045
0.111856
0.000507922
0.152279
-0.000876473
0.0965485
0.00133629
0.0521411
-0.00101846
-0.225145
0.000519643
-0.00153274
-5.89075e-05
-0.106863
0.000173426
0.131765
0.00108407
-0.192091
-0.000866851
0.263535
0.000253355
-0.0833368
-0.00166507
0.00220715
0.000752466
0.135366
-0.000273276
-0.00991762
0.000849447
-0.0989339
0.000215399
0.0202086
-7.23881e-05
-0.188099
-0.000700376
-0.0488711
0.00119993
0.0588066
-0.00072458
0.374407
0.000301305
-0.216121
-0.00102082
0.0278664
-0.000257441
-0.0900819
0.000268249
0.211138
0.000741017
-0.0711279
0.00067262
-0.347032
-0.000476623
0.275243
3.56631e-05
-0.16372
-0.000577561
-0.0220274
0.000435583
0.333589
-0.00067652
-0.134792
0.000835739
0.135165
-0.00154603
-0.0937351
0.00101243
-0.164438
-4.96936e-05
-0.0111463
0.000640094
0.101651
0.000807538
-0.0802733
-0.00107683
0.0228689
-0.000140243
-0.0506937
-0.000908452
0.146861
0.000628622
0.0833879
0.000136937
0.106465
0.000271739
-0.183081
-0.000863238
-0.308738
0.00111402
0.288757
-0.000447126
-0.125303
0.00104599
0.0260033
-0.000460299
-0.0264777
-0.000737075
0.276231
-0.000473514
-0.190254
-0.000187696
0.0650685
0.000808433
0.0220784
-0.00025956
0.0228446
0.00106482
-0.109722
-0.000580177
-0.265998
-0.000140794
0.202028
0.000359859
-0.0069336
-0.000262875
0.172033
0.000158912
0.0612406
-0.00103454
-0.105948
-0.000134739
-0.0923743
0.000497318
0.116345
0.000358641
0.025879
0.00131079
-0.289201
-0.0012846
0.164977
0.000445455
-0.160221
-0.000702986
0.142982
0.0001416
0.255349
-0.000175377
-0.269576
0.000243487
0.267999
-0.000509183
-0.080818
0.000290149
-0.29851
2.37532e-05
0.0514308
0.000971905
0.0705377
0.000138957
0.132259
-0.000515441
-0.251066
-0.000602169
0.0881793
-0.000484251
0.234467
8.18449e-05
-0.0777209
0.00095041
0.107116
-0.000479466
-0.177548
-0.000117462
-0.1238
0.000824584
-0.0464599
-0.000708126
0.111711
0.00126279
0.0214717
-0.00117729
0.0530035
0.000427364
-0.0322215
-0.00141766
0.157355
0.000648284
-0.090493
-0.000214046
-0.0724888
0.00116399
0.100746
-8.3063e-05
-0.119152
-4.60667e-05
-0.143566
-0.00055211
-0.0187699
0.000431935
0.186032
7.16252e-07
0.118233
-0.000319168
0.136305
-0.000351622
-0.324231
-0.000711555
0.0453298
0.00110718
0.216339
-0.00019856
-0.302527
0.00146488
0.0243802
-0.000914407
0.0401236
-0.000332751
-0.0379184
0.000201608
-0.0230996
-0.00109457
0.332316
0.00127933
-0.142642
-0.00129772
0.0404282
0.00133562
-0.0489046
-0.00126295
-0.211862
0.000998093
0.114447
0.000433078
-0.213127
0.000343303
0.432816
-0.000824505
-0.279005
-0.000274614
0.0228294
-0.000823695
0.137899
0.000604513
0.0767511
0.000355451
0.06926
0.000193603
-0.305556
-0.000415181
-0.0750728
0.000590861
0.11334
-0.000317105
-0.0838458
0.000894513
0.162001
-0.000894655
-0.0323054
-6.36879e-05
0.107019
-0.000912064
0.0307307
0.000268978
-0.18075
0.000523751
0.098038
0.00031973
0.0402349
0.000537028
-0.202469
-0.000318712
-0.100437
-0.0005422
0.194481
0.000328438
-0.0836195
-8.27561e-05
0.217575
-0.000139213
0.170893
-0.000454591
-0.302599
-0.00044921
-0.0982073
0.000928386
0.199477
-6.66016e-05
-0.0965565
0.00139214
-0.104741
-0.00105968
0.00500183
0.000184854
0.021093
-0.00108015
0.179649
0.00045667
-0.0456823
-0.00024071
0.0592681
0.000325178
0.083915
-0.000145807
-0.21033
0.000251913
-0.0949046
-0.000260732
-0.057343
0.00127491
0.146143
-0.000368084
0.0617291
-0.000612871
-0.0214237
3.09014e-05
-0.100944
-0.00172681
0.256668
0.00196414
-0.113577
-0.000841668
0.109437
0.00133532
-0.177581
-0.00126712
-0.181483
0.00108087
0.0938249
-0.000525084
-0.0688331
0.000388253
0.40061
-0.000336104
-0.343033
-0.000282704
0.179369
-0.000591395
0.205395
-0.000120343
-0.395655
0.000811488
0.130463
0.000501092
0.0174819
0.000121426
-0.026719
-1.83528e-05
-0.238785
-0.000892407
0.161359
0.000459557
0.0664927
-0.00027947
0.20707
0.000491978
-0.00309914
-0.00117561
-0.22095
0.000135876
0.00935211
0.000561107
0.0120077
0.000481229
-0.0770817
0.000587619
0.0585541
-0.000321226
-0.071809
-0.000737367
0.0187508
9.46606e-05
0.154906
-0.000799666
0.011056
0.000716601
0.0815238
-0.000324065
-0.112596
0.000747883
-0.0776364
-0.000651025
-0.0388862
0.00053019
-0.128873
0.000520321
0.0475353
-1.19647e-05
0.315344
-0.000680315
-0.130343
-7.59101e-05
-0.125683
-0.00139688
0.137608
0.00147059
0.15402
-0.000468605
-0.108757
0.00109086
-0.264188
-0.000463241
0.119891
3.14388e-05
-0.124899
0.000197225
0.0645932
-6.26268e-05
0.226948
-0.000320161
-0.0495888
-0.000242045
-0.0490341
-0.00071541
0.197248
0.000304585
-0.365968
0.00036614
0.2119
0.000972228
-0.0890462
0.000356141
-0.118676
-0.000912399
0.130907
0.000142157
-0.173236
-0.0011568
0.230051
0.00131346
0.103055
-0.00131234
0.106705
0.00124167
-0.26238
-0.00174289
-0.159415
0.00214614
0.199425
-0.0010408
-0.108396
0.00173171
0.0764201
-0.00115818
-0.229718
-0.000325402
0.34404
-0.000633566
-0.0448284
-9.18408e-05
-0.0875896
0.000671543
0.230205
-0.000242264
-0.130215
0.000749415
-0.154796
-0.000476977
-0.0935104
6.81948e-05
0.0757375
0.000732902
-0.0218286
-0.000358856
0.204717
-0.000175532
-0.00562082
-0.000921871
-0.0566669
-0.00044019
-0.0658725
0.00100855
0.201091
4.35447e-07
-0.0787548
0.000933017
-0.190801
-0.000420264
-0.0194258
-0.000513723
-0.088746
0.000548652
0.220504
-0.000394647
0.148995
-3.08344e-05
-0.19799
-0.000305361
0.175034
-0.000474935
0.0528533
0.000290619
-0.348565
0.000439133
0.149172
0.000752306
-0.0197323
0.000242801
-0.0024676
-0.0007877
-0.0719324
-0.000124558
-0.0568779
-0.000745901
0.29874
0.000670744
0.044093
-4.54523e-05
-0.0936898
-0.000291041
0.0218684
-0.000100816
-0.246685
0.000626728
-0.00452333
0.000364763
0.139728
0.000241664
0.00400945
-0.000233619
-0.107432
-0.000667305
0.0513195
-0.000537576
0.275798
8.71513e-05
-0.236002
0.000183777
0.174464
0.000683753
-0.131078
-0.00019092
-0.0958341
0.000163804
0.00133338
-0.000166328
-0.217389
0.000521578
0.329539
-6.78786e-05
0.00437372
-0.000708471
0.161078
-0.000318265
-0.322616
-0.000786584
0.148747
0.00138964
0.1618
-0.000355738
-0.249294
0.00132718
-0.0307019
-0.000580461
-0.0112622
-0.000867497
-0.0875303
0.00114963
0.137632
-0.00154836
0.223359
0.00132754
-0.115966
-0.0015301
0.0393942
0.00104571
-0.0611679
-0.0011636
-0.0881516
0.00165973
0.0461338
-0.000312442
-0.218793
0.00120001
0.296609
-0.001897
-0.114637
0.00096181
-0.154956
-0.00176068
0.296553
0.0014102
0.124396
-0.000633353
-0.10973
0.000442969
-0.104835
-0.000346302
-0.184233
0.000584554
0.0627999
0.000286864
0.114519
0.000256071
-0.0839153
-0.000343541
0.0458156
-0.00060481
0.0566064
-0.000758817
0.128515
0.000247106
-0.194902
0.000595531
0.222922
0.000324282
-0.149836
0.000140694
-0.183298
-0.000154506
0.0373881
-1.22438e-05
-0.00471502
7.58822e-06
0.0505423
0.000354236
0.162952
-0.000732034
0.100335
-0.000596061
-0.155117
-3.6705e-05
-0.183925
0.000475284
0.325349
0.000591349
-0.170113
0.000537211
-0.117911
2.81797e-05
-0.0474044
-0.00112887
-0.0398294
0.000525916
0.383214
-0.000584842
-0.245167
0.000262761
0.2374
-0.000212382
-0.0543269
-0.000531337
-0.148965
0.00103566
-0.0355142
-0.00050179
-0.027923
0.00166642
-0.0159259
-0.00092273
0.114588
-0.000188167
-0.0404088
-0.000351091
-0.131044
-0.00118425
0.364874
0.00137304
-0.10999
-0.000353931
0.0150599
0.000398281
-0.0155641
-0.000167148
-0.353159
1.60055e-07
0.126994
0.000795237
0.090606
-0.000377637
0.151069
0.000222089
-0.269318
-0.00134073
0.228694
0.000305639
0.0980403
-0.000742565
-0.128836
0.00165178
-0.0475071
-0.000570989
0.0812898
0.000995339
-0.170493
-0.00102218
-0.0620688
0.000639156
-0.0213427
-0.00092513
0.219609
0.00106492
0.106119
-0.000795162
-0.0270325
-0.000735181
-0.0889116
0.0002559
-0.0594747
0.000189669
0.0629515
0.000993401
-0.0445658
0.000339192
-0.0550262
-0.00028786
-0.0603247
-0.000877327
-0.0744205
0.000209359
0.365256
-0.000327869
-0.138992
0.000284151
0.176913
-0.000342975
-0.138107
8.46415e-05
-0.17493
0.000300881
0.216426
0.000138646
-0.331554
0.000902128
0.0737186
-0.00027508
0.30758
-0.000816171
-0.207356
-0.000194207
-0.0613603
-0.000719556
0.222127
0.000838909
0.112861
0.00035428
-0.142
-0.000460387
-0.142225
0.000937211
-0.0688209
-0.0013439
-0.043469
0.00204316
0.166729
-0.00140618
-0.00760923
0.000541431
0.124832
-0.00111083
-0.17326
-6.58586e-05
0.248809
-7.5118e-05
-0.186797
0.000859028
0.0823507
0.000310775
-0.120932
0.000173198
-0.105091
-0.000344285
0.106819
0.000231267
-0.169764
-0.00114953
0.25949
0.00144373
0.0696209
-0.0015926
0.10233
0.000695798
-0.227204
-0.000886751
-0.0998096
0.00128297
0.113579
-6.16383e-05
0.0467861
0.000979491
-0.157614
-0.000845422
-0.133421
-0.000411514
0.25794
-0.000472648
0.0711183
0.000410922
-0.108306
-4.4078e-05
0.255186
-0.000259283
-0.13864
0.000433086
-0.284726
-0.000192404
0.208654
0.000592083
-0.175418
0.000266575
0.0134166
0.000114955
0.254954
-0.000763811
-0.200368
-0.000759453
0.178015
4.17649e-05
-0.130519
0.000234433
0.211192
0.000872206
-0.0331172
-0.000500214
-0.224255
0.000929084
-0.114612
-0.00151526
0.00588017
0.0017979
0.235845
-0.00119066
0.0135091
0.000370405
-0.0779309
-0.000773348
0.0951505
-0.000327062
0.0447819
0.00019443
-0.0875599
0.000865902
-0.100641
5.92526e-05
0.0911166
0.000646915
-0.120793
-0.00097914
-0.0527298
0.000351931
0.000529188
-0.000867875
0.256014
0.000657628
0.0687844
-0.000238148
-0.139378
-0.000569822
0.12732
0.000506781
-0.303636
-0.000351323
0.0152472
0.00159232
0.206459
-0.000479931
-0.139414
4.54322e-05
-0.131579
-0.000936585
0.11696
-0.000253076
0.252058
0.000225843
-0.146061
0.000187938
0.160813
0.000101914
-0.197074
-0.000112991
-0.0904134
0.000197996
0.124114
0.000227032
-0.353886
0.000324005
0.360432
0.000125233
0.0120808
-0.000789719
-0.00931612
-0.000493808
-0.0757433
-0.000421414
0.11087
0.000902162
0.052222
-0.000123713
0.000257295
0.00106315
-0.32023
-0.000759656
0.123208
-8.19016e-05
-0.14268
0.000572283
0.170238
-0.000477425
0.201975
6.32117e-07
-0.122428
-0.000695515
0.0232573
-6.2853e-05
-0.0662677
-0.00012519
0.152808
0.00131614
-0.217456
-0.000229218
-0.0914873
0.000943452
0.190173
-0.00151548
-0.149487
0.000413211
-0.0311361
-0.000571699
0.216934
0.000150791
0.17897
0.000499254
-0.160618
-0.00109928
-0.0365405
0.000924227
-0.183592
-0.000548865
0.0171972
0.0016374
0.225737
-0.000558926
-0.274527
-1.29935e-06
0.0872288
-0.000950038
0.0938567
-0.00038907
0.0504669
0.000286407
0.0286116
0.000505998
0.0971675
-0.000322363
-0.195133
0.000803603
-0.137749
-0.000747202
0.0920631
0.00088238
-0.107987
-0.000529288
0.108507
0.000577826
0.107313
-0.000775223
0.00353299
-0.000999614
0.0868459
0.000719691
-0.325958
-0.000150306
0.397508
0.000947137
-0.0958629
6.24444e-05
-0.314528
-3.58268e-06
0.0242181
-0.000812668
0.01031
0.000809341
0.240784
-0.000543421
-0.0551226
9.55411e-05
0.0815066
-0.000524279
-0.00805018
-0.000383214
-0.125466
0.000770371
0.0749298
0.000105409
-0.108112
0.00100121
-0.0625157
-0.00054588
0.112261
-0.000388565
-0.123251
-0.000228674
0.0202718
-0.000241374
0.307992
0.00013127
-0.146039
0.000406763
0.13332
-0.000696307
-0.141175
0.000371025
-0.215677
7.94622e-05
-0.013965
0.000895806
0.280595
-0.000121652
-0.118548
-0.000225279
-0.156394
-0.000821368
0.2385
-0.000394156
0.00928876
7.52941e-05
0.145284
0.00105382
-0.24123
-0.000829832
0.0754282
0.00124855
-0.0915643
-0.00123015
-0.161557
0.00145411
0.0662931
-0.00118694
0.177992
0.000751965
0.031954
-0.000631705
-0.0350949
-0.00111402
0.0951846
0.000932237
-0.207815
-0.000377398
0.179159
0.00131886
-0.0269286
-7.74171e-05
-0.228168
-0.000259802
0.0308598
-0.00054337
-0.0881528
0.000307804
0.284143
-0.0001269
0.0713677
-6.04392e-06
-0.0537058
-0.000610562
-0.0202929
0.000169166
-0.168438
0.000217593
0.282459
0.000417265
-0.380937
0.000580238
0.0368309
-3.32022e-05
0.270016
-0.00076484
-0.255543
-0.000289213
0.0591188
3.99914e-05
0.217148
-0.000368824
0.0495918
0.00105634
-0.0486348
-0.000983775
-0.194473
0.000912059
-0.0688761
-0.000858585
0.00718824
0.00160972
0.10357
-0.000613194
-0.0175314
-0.000161323
0.078862
-0.000703702
-0.125774
-0.00052003
0.194996
0.000528389
0.062203
0.000344861
-0.102843
0.000388415
-0.17672
-0.000220329
0.0855351
0.000210545
-0.176382
-0.000363983
0.112948
0.000439104
0.0879146
-0.000281833
0.0279629
9.50899e-05
0.200383
-0.00147197
-0.241958
0.00096526
-0.0630205
-0.000129387
0.14165
0.000855544
0.0476939
0.000424026
-0.307042
-0.000679698
-0.0218737
-6.00177e-05
0.196418
-0.000369882
0.0222927
8.71505e-05
0.121574
0.000568759
-0.00574431
-0.00152142
0.016178
0.00118037
-0.329878
-0.000900411
0.298229
0.00159911
-0.216713
-0.000333544
-0.0455978
0.00068384
0.207426
-0.00128455
-0.190786
-0.00024034
0.239492
-0.000329006
-0.0893283
0.000325058
0.111154
0.00068047
0.13089
-0.0004727
-0.388622
0.000278474
-0.0422883
-0.000176251
0.0491116
0.000946884
0.133456
-0.000308373
0.0347934
-0.000388055
-0.0865111
-0.000616296
0.0496211
-0.000714139
0.123701
0.000835087
0.0340653
0.000650272
-0.230868
5.48597e-06
0.0902842
-9.29179e-06
-0.0787894
-8.79784e-05
-0.213462
-9.59023e-05
0.241417
3.27405e-05
0.104735
-0.000320838
-0.0280759
0.000624932
0.0846507
-0.00178863
-0.0260576
0.00117883
-0.19266
-0.000583807
0.0583578
0.00210413
0.0893476
-0.0010998
-0.108023
0.000211805
-0.205448
-0.000616096
0.163074
-0.000220328
0.228156
0.000143432
-0.0216774
0.000445322
0.0437319
-0.000894899
-0.200635
0.00033504
0.0521047
0.000278059
-0.0416506
0.00025841
-0.132993
0.00100699
0.0923523
-0.00127986
0.115973
0.000549647
-0.119693
-0.00146207
0.10023
0.00062183
0.072963
3.55305e-05
0.00336618
0.000361913
0.127381
0.000247153
-0.474232
-0.000589155
0.192201
0.000629461
-0.0940721
-5.8987e-07
0.00628686
0.000463325
0.366893
-0.000970529
-0.268167
-0.000180587
0.0313407
-0.000529417
0.0643262
0.000287676
0.190354
0.00100902
-0.328529
-0.000101017
-0.0267746
0.000208558
0.101197
-0.000480367
-0.186615
-1.09962e-05
0.136558
0.000333276
0.081123
-0.000605279
0.143684
0.000371652
-0.00536494
-0.00126709
-0.182497
0.00100242
-0.0280427
-0.000418695
0.025471
0.00182621
0.0545694
-0.000826154
-0.1318
6.04249e-05
-0.0779813
-0.000863428
0.171323
-2.27727e-05
0.051583
4.00719e-05
0.123124
0.000660634
0.0116547
-0.0011284
-0.207424
0.00105259
-0.0618132
-0.000642361
0.0556191
0.000910456
-0.0705552
0.000255317
0.0553275
-0.000467881
-0.0237007
-8.82901e-07
0.154637
-0.00129763
0.0304302
0.00057271
-0.220326
8.1384e-05
0.329069
0.000512103
-0.0205645
4.96869e-05
-0.441619
-6.10899e-05
0.0857066
-0.000293579
0.0769578
0.000909558
0.0198142
-0.000463755
0.199005
-0.00014225
-0.117068
-0.000961593
-0.00748983
1.87378e-05
0.102448
0.000399237
-0.0919413
0.0004617
0.0344842
0.000780495
-0.203339
-0.000631702
0.0875471
0.000197674
-0.125143
-0.000751994
0.156661
0.000555287
0.154925
-0.000548822
-0.111473
0.000261584
0.240351
-0.000437375
-0.303582
-0.000424034
0.00515984
0.00132676
-0.118139
0.000187674
0.233238
0.000443553
-0.0832351
-0.00113885
-0.250159
0.000231426
0.265399
-0.00117978
0.104537
0.00115318
0.106237
-0.000286202
-0.19258
-7.22359e-05
-0.0185862
8.01285e-05
0.00114095
0.000274724
-0.225822
0.000368052
0.144887
0.000356061
0.112172
-0.00085859
-0.119443
0.000413427
0.14471
-0.00182313
0.0607881
0.00140206
-0.180105
-0.000522742
0.233656
0.00100019
-0.10194
-2.51833e-05
-0.237866
-0.000220919
0.0477385
-0.000520083
-0.0935271
0.00101764
0.213957
-0.000601576
0.210019
0.000290257
-0.205412
-0.00136642
-0.0217355
0.000331817
0.087498
0.000322896
0.0284003
0.000469319
-0.156313
0.000832565
-0.121807
-0.000700926
0.162116
-8.7745e-07
-0.100304
-0.000608953
0.015242
0.000577556
0.215973
-0.000814818
0.067073
0.000697217
-0.0749555
-0.000738488
-0.150984
0.000236745
-0.0497906
0.000267761
0.0581131
0.00136372
-0.106227
-0.000875069
0.217247
0.000156182
-0.216526
-0.00127812
0.0689454
0.00038286
0.179039
4.87638e-06
0.110964
0.000318263
-0.120174
1.92115e-05
-0.235599
-0.000288671
0.145005
0.000725447
-0.217469
-0.000319107
0.167929
0.000985805
0.0421606
-0.0012153
-0.128004
0.000468004
0.420297
-0.00180906
-0.366123
0.00117223
0.0661448
0.000106107
0.153777
0.000324161
-0.0605189
0.000942915
-0.302486
-0.00145019
0.0591408
0.000817635
0.0383331
-0.000565539
0.146356
0.000600763
0.106581
-0.000475722
-0.0693931
-0.000962041
0.0307155
0.000347909
-0.186775
0.000532898
0.165915
0.000261757
-0.0595477
0.000753501
-0.196383
-0.00046141
0.066802
-0.000430989
0.0757837
-0.000260455
0.0440061
-0.000122322
0.037872
0.0002119
0.0976278
-9.22608e-05
0.0633825
2.97618e-05
-0.297972
-0.000349444
-0.052574
0.000887687
0.062724
0.000368725
0.044668
8.17444e-05
0.0745722
-0.00063169
-0.154498
-0.000670853
0.0485586
-0.000412081
0.280279
0.000942075
-0.0762249
-0.000349648
-0.117384
0.0008541
-0.0243166
-0.00103906
-0.0763189
0.00105798
-0.166763
-0.000362103
0.24031
0.000506402
0.086623
-0.00056292
-0.195543
-0.000222179
0.331026
-0.00105502
-0.16947
0.000599119
-0.0761181
0.000456688
0.129967
0.000708154
-0.153089
-6.77961e-05
0.0896888
-0.000353101
-0.344797
-0.000161362
0.160886
-9.69301e-05
0.330569
0.000249515
-0.0869113
-6.34904e-05
0.0149445
-0.00102328
-0.133199
0.000145047
0.0802189
0.00104934
-0.101333
-0.000558036
0.0293852
0.0021155
-0.141788
-0.00235757
0.107557
0.00131565
0.00156052
-0.00182735
0.0239059
0.00106482
0.155898
-0.000526889
0.0119204
0.000566484
0.00150212
-0.000340982
-0.296656
-9.63433e-05
0.105794
0.000616388
-0.0901359
0.000612597
-0.00208899
-0.000123676
0.320885
-0.000714565
-0.26906
-0.000790587
-0.00772163
3.08012e-06
0.242614
0.000398174
0.102417
0.000493438
-0.300747
0.000273339
-0.0158085
-0.000462347
-0.0498298
0.000131258
-0.00557488
0.000472005
0.0407776
-0.000341531
0.0954239
0.000166161
0.0566398
-0.00105871
0.101773
0.000151076
-0.222083
-0.000410621
0.0727413
0.00114943
0.0587527
0.000367578
-0.184564
0.000187304
0.100475
-0.000710105
-0.251086
5.71546e-05
0.149367
-0.000536811
0.254513
0.000774849
-0.0792884
-0.000591148
0.127234
-0.000435052
-0.215649
2.43419e-05
-0.105171
0.00100408
0.185477
-0.000281852
-0.13669
0.00131937
-0.0144705
-0.00142282
-0.110995
0.000115349
0.332675
-0.000609552
-0.125963
-0.000125667
-0.0230707
0.000863984
0.249776
-0.000652701
-0.106393
0.00065739
-0.284519
-0.000368539
-0.0187665
0.000184043
0.125069
0.000902389
-0.0398424
-0.000426355
0.191761
-0.000351241
-0.131733
-0.00121068
-0.00888902
0.000391275
0.218043
0.000576822
-0.134225
1.36577e-05
0.0687884
0.000875227
-0.239436
-0.00124321
-0.0471453
0.0010939
0.053091
-0.000675363
0.107447
0.00049889
0.0526251
-0.000514599
-0.00401927
-0.000432497
0.151077
-9.32788e-05
-0.210344
-0.000307246
0.068348
0.00129156
-0.163179
-2.38374e-05
0.143773
0.000587175
-0.0051902
-0.00115756
-0.348914
0.000552719
0.25349
-0.00129498
0.308484
0.00162142
-0.149993
-0.00145561
0.0132179
0.000517729
-0.0668316
-0.000432373
-0.112736
0.000890955
0.0262663
0.000327127
-0.0435203
0.000409481
0.116892
-0.000834963
-0.192109
-9.25752e-06
0.210602
-0.00100253
0.0886955
0.000313811
-0.143723
0.000526126
0.249411
9.17963e-05
-0.235908
-1.79992e-05
-0.0546682
0.000242501
-0.0921043
-0.000483769
-0.048835
0.00123782
0.219161
-0.000822037
0.127903
-8.95359e-05
-0.171683
-0.00110692
-0.0209267
0.000215812
0.182488
0.000759347
0.00419049
0.000104705
-0.155709
0.000703969
-0.107887
-0.00072803
-0.0561114
-6.38552e-05
0.185872
0.000361581
-0.172821
-0.00049816
0.278368
0.00039064
0.0813262
-0.000980262
-0.175711
0.000626621
-0.00012076
-0.00091045
0.00125734
0.00132508
-0.0751186
0.000543353
-0.075376
-0.000286648
0.223043
-0.000320465
-0.340243
-0.000674135
0.176586
0.00010686
0.22689
0.000437296
0.0105959
-0.000512878
0.000940181
0.000394061
-0.298121
-0.000884194
0.0842829
0.00123634
-0.0141916
0.000173778
-0.00437283
0.000502541
0.0108503
-0.00101919
-0.0711708
4.65747e-05
0.285805
-0.00108035
-0.134167
0.000518065
-0.0311659
0.000566262
0.233311
-0.000182619
-0.204921
0.000724296
-0.184999
-0.00093608
0.0254684
0.000762449
-0.0308084
-0.000189677
0.245415
0.000614874
-0.0306942
-0.00133203
0.00175937
-0.000108019
0.049686
-0.000571747
-0.18617
0.00139744
0.26368
-0.000169657
-0.134086
0.000809023
-0.208616
-0.000646293
-0.0805621
-0.000423829
0.307445
0.000539905
-0.118877
-0.000617146
0.0859875
0.000592444
0.186657
-0.00109166
-0.16988
0.000397049
0.00382177
-0.000199868
-0.145673
0.000811495
0.00125745
0.000702894
0.110825
-0.000347515
-0.0487178
-0.000435761
-0.151722
-0.000481167
0.141009
-0.000389111
0.248094
0.000925592
-0.0733582
-0.000729901
-0.0390052
0.000720872
-0.109549
-0.000991112
-0.11806
0.00117826
0.0303817
0.00050947
0.0416845
-0.000555292
0.13038
0.000190067
-0.238794
-0.00122282
0.295383
5.48049e-05
0.00545494
-4.94737e-05
-0.135313
0.000868963
0.150177
-9.79912e-05
-0.214948
0.000342408
0.12609
-0.000439575
-0.373039
0.000148803
0.153646
0.000260891
0.35842
-6.6083e-05
-0.142454
-0.000385934
-0.018637
-0.000896532
0.0434846
9.70021e-05
-0.0990518
0.000938125
0.123064
0.00010524
-0.0891816
0.000831601
-0.212157
-0.00100306
0.103135
0.000157275
0.0373059
-0.000360333
0.0357996
0.000251972
0.14937
-0.000248574
0.068332
-0.000286895
-0.191637
-8.52031e-05
0.00310433
0.000294176
-0.0122147
0.000477606
-0.188993
0.000663983
0.19128
9.83778e-05
0.0162453
-0.00138272
-0.0931935
0.000215055
-0.0148156
-0.000655557
0.224606
0.00100139
0.185046
-0.000693257
-0.337136
0.000787027
-0.0487879
-0.000575783
-0.0546088
0.000314191
0.0812087
0.00128589
-0.0606151
-0.00126609
0.0989866
0.000637179
0.0543423
-0.00160091
-0.00105997
0.000381039
0.0315488
-0.000208783
-0.0309428
0.000913991
0.0850066
0.000265645
-0.24818
9.79871e-05
0.120248
-0.000488901
-0.252402
0.000415451
0.10484
-0.000623739
0.334353
0.000760374
-0.189943
-0.00111386
0.19174
-0.000184013
-0.16384
-2.56414e-05
-0.192946
0.000917813
0.369832
0.000373063
-0.239987
0.000309109
-0.15929
-0.000471478
0.0341988
-0.000751875
0.206309
0.000346582
-0.0177925
-0.000391865
-0.00218799
0.000686876
0.206079
-0.000995078
-0.180546
0.000584718
-0.0801245
-4.60363e-05
-0.145011
0.000441445
0.144074
0.000699225
-0.0210527
-0.000162411
0.0339516
-0.00099328
-0.0428495
-0.000665816
0.0874832
0.000422837
0.0315681
0.000267768
0.169876
0.000323022
-0.158193
-1.99797e-05
-0.189398
-0.000266158
-0.0421012
0.000326507
0.0399101
0.000423711
0.162958
-0.000244269
-0.0975263
-0.000110603
0.116205
-0.000887974
-0.0105039
-0.000153602
0.0613502
0.000454975
-0.039499
0.000199773
-0.157505
0.000828817
0.135463
-0.000254322
-0.074115
-0.000518044
-0.308341
0.000574231
0.25217
-0.000895947
0.318201
0.00102386
-0.207396
-0.00119828
0.0684993
-0.000156768
-0.00630117
0.000184176
-0.254196
0.000432773
0.289574
0.00125544
-0.247366
-0.00090609
0.0690457
0.000601095
-0.104658
-0.00146854
0.068968
0.000634235
0.272794
-0.000738305
-0.146545
0.00113175
0.11897
-0.0010225
-0.136826
0.000574847
-0.0279907
-0.000104183
-0.140994
0.000608549
-0.0242819
0.000181562
0.215512
0.000286923
-0.0412424
-0.00138713
-0.00358758
-5.26144e-05
-0.058498
-0.000356127
0.174128
0.000858004
0.141143
2.77514e-05
-0.272462
0.000422389
-0.139491
-0.000512344
0.0354869
0.000286476
0.046477
0.000448746
-0.00768511
-0.000587516
0.122018
0.000211145
0.127194
-0.00119831
-0.222723
0.000404787
0.146325
1.85534e-05
0.0299368
0.000576363
-0.218572
0.000896495
0.0284723
-0.000722958
0.0998725
-3.26842e-05
-0.322262
-0.000415425
0.267391
0.000126228
0.110963
0.000230257
0.0986518
-0.000254835
-0.0283069
-0.000890394
-0.273708
0.000787858
0.068141
-0.000120712
0.100606
0.00165971
-0.114604
-0.00102564
-0.0994327
1.85371e-05
0.122376
-0.000403351
-0.0312601
-0.000703992
0.264054
0.000668004
-0.201079
-2.95819e-05
0.196355
-0.000171436
-0.116014
0.000405384
-0.23983
-0.000386585
0.0619335
0.000992512
-0.0169969
-0.000340571
0.152907
0.000681581
-0.0680491
-0.00173817
0.105552
9.79888e-05
-0.00676697
-0.000328227
-0.136964
0.00106733
0.364231
3.74046e-05
-0.249498
-6.4039e-06
-0.244995
0.000208437
0.00784536
-0.000444592
0.172047
0.000571306
0.0501065
-0.000259234
-0.071843
-0.000276764
0.249437
-0.000741654
-0.222476
4.73759e-05
0.146981
0.000357159
-0.150441
0.000472303
-0.0677217
0.00113362
0.129935
-0.000978992
-0.135528
-9.54664e-05
-0.147737
-0.000552929
0.289359
0.000249456
0.0426165
0.000112749
0.0940042
-8.07744e-05
-0.0606509
-0.00067546
-0.193026
0.000710339
0.0126389
-0.000222512
-0.00167707
0.00184395
0.00519582
-0.00163879
0.0728516
0.000825086
-0.216331
-0.00148219
0.201063
0.000293291
0.232899
2.64667e-05
-0.19235
0.000657311
0.00687202
-0.000659556
0.0291116
0.000736066
-0.137631
-0.000547286
-0.182864
0.000927461
0.126709
-0.000322712
0.205682
0.000224856
-0.0467586
-0.000953188
-0.0594898
-0.000568403
0.103593
0.000275079
-0.0870718
0.000547546
0.17727
0.000692583
-0.141222
-0.000283505
-0.289131
-0.000154321
0.199384
2.12494e-05
-0.124271
-0.000196861
0.257324
0.000690467
-0.0164938
-0.0012456
0.0914529
0.000210975
-0.181229
-0.000431027
0.096373
0.000558575
0.00201472
0.000533307
-0.288287
0.000652029
0.267775
-0.000195783
-0.165266
-0.0011547
0.0304397
0.000302899
0.0113099
-0.000373356
0.136945
0.000758443
0.292217
-0.000786159
-0.339809
0.000280381
-0.189108
-0.000132993
0.208595
0.000383082
-0.144502
0.00125221
0.0413147
-0.00102574
0.0358055
5.7016e-05
-0.00815396
-0.000762277
0.00323538
-0.000432841
0.221614
0.000865243
-0.122803
-0.000409093
0.0521995
0.000862154
-0.164658
-0.000402353
-0.0246438
5.86134e-05
-0.115805
0.00026603
0.0870006
0.00021357
0.165856
-0.000395495
-0.0333861
-0.00023852
0.114122
-0.00132116
-0.150577
0.00116972
-0.0452573
-4.77265e-05
0.24882
0.00113344
-0.143293
-0.000665884
-0.353285
0.000212621
0.192027
-0.000627362
0.0529021
0.000500434
0.129312
-0.000347959
-0.0291571
0.000122047
0.082951
-0.00104476
-0.0248642
0.000752581
-0.132341
-0.000144013
-0.0496445
0.000850749
0.0659177
0.000448485
-0.0532587
-0.000354811
-0.0440429
-0.000630798
0.0421121
-0.000698833
0.130612
0.000753599
-0.101009
-0.000410482
0.390913
0.000610929
-0.304165
-0.000747873
-0.223183
0.000583376
0.162307
0.000114504
-0.202682
0.00077504
0.331328
-0.000441535
-0.206735
-0.000473109
0.0248384
-0.000446154
0.119143
-0.00061101
0.114893
0.00120263
-0.075732
-0.000512003
-0.140091
0.000938895
0.1231
-0.000512825
-0.185737
-0.000107726
-0.14122
0.000728128
0.166709
-0.000697868
0.247626
0.000422619
-0.143959
-0.000749989
0.0682469
-0.000788708
-0.0333228
0.000712427
-0.0875353
0.000450071
0.130795
0.000822363
-0.121288
-0.000621595
-0.106163
0.000253533
-0.0422221
-0.000722636
0.0389764
0.00026792
0.337616
-0.000242638
-0.110952
0.000253915
-0.060593
-0.000782638
0.074925
0.000474203
-0.109924
2.76541e-05
-0.103042
0.000922117
0.0209734
-4.66489e-05
0.0438614
9.98204e-05
-0.020697
-0.00114449
0.0697676
-0.00017921
-0.103854
0.000183799
0.23408
0.000416795
0.157714
-5.58436e-05
-0.297939
4.01665e-05
-0.207284
-0.000546282
0.237901
0.00126227
-0.24517
-0.000321093
0.241255
0.000508601
-0.0077373
-0.00126362
-0.0356131
-0.000193912
0.0673643
-0.000340647
0.00171649
0.000895531
0.17963
-0.000201556
-0.319586
0.00102267
0.0196076
-0.0008677
0.0499156
0.000260011
-0.219712
-0.000127509
0.193914
0.000455373
0.0815596
-0.000933347
0.154058
0.000700668
-0.070538
-0.00200428
-0.241152
0.00194733
0.189331
-0.000669115
-0.0315965
0.00168411
-0.0400155
-0.000974843
-0.209422
-0.000126251
0.132321
-0.000132765
-0.0372314
-0.000661739
0.340789
0.000980051
-0.18846
-0.000806998
0.0727173
0.000230597
0.0273339
-0.000355734
-0.304366
0.000768614
0.11541
0.000344482
0.0257161
0.000285826
-0.07223
-0.000510451
0.0270194
-0.000446208
0.17802
-0.000865286
-0.152046
0.000893055
0.0903753
-0.000145224
0.246985
0.000613955
-0.244085
-0.00060262
-0.242518
0.000403917
0.0392442
-0.000142066
0.0815611
0.000750159
0.14502
-0.00043201
-0.125046
-0.00021874
0.0795234
-0.00130314
0.0917137
0.000922742
-0.0694253
-0.00023679
0.060893
0.0010561
-0.147961
-0.00018698
0.00075325
-0.000170167
-0.0530413
-0.000213191
-0.139523
0.000334503
0.255261
-0.000436255
0.0558537
0.000370695
0.0474698
-0.000655812
0.0411754
-0.000392978
-0.298912
0.000323508
0.225273
0.00076068
-0.204804
0.000521078
0.13124
-0.000115626
-0.0513747
-0.00102811
-0.263466
0.000518229
0.309778
-0.000830051
0.220754
0.000804804
-0.140895
-0.000305618
-0.119145
-0.000315175
0.196072
0.000311089
-0.2918
-4.19151e-05
-0.033452
0.00108283
0.105916
-0.000327294
-0.00392918
-0.000384684
0.09119
-0.000134427
-0.0683663
-0.00122056
0.0463658
0.00114446
0.120375
-0.000273384
0.0109121
0.000763192
-0.106641
-0.000569441
-0.223932
2.35661e-05
0.0571132
0.000539073
-0.0376544
-0.000242744
0.272776
0.000663584
-0.09195
-0.00158265
0.0323165
0.000260471
-0.0105708
-0.000180171
0.011095
0.000419634
0.122871
0.000372787
-0.330478
0.000550968
0.106407
-0.00049531
-0.0380404
-0.000139581
-0.0157264
1.73374e-05
-0.00297513
-0.000253309
0.212972
0.000356214
0.170324
-0.000752051
-0.215246
0.000151414
-0.253794
-0.000229211
0.334645
0.000970251
-0.24957
0.000561383
0.026383
-0.000292525
0.103073
-0.000739716
-0.259541
1.17357e-05
0.287301
-0.000608698
0.105097
0.00100401
-0.0341873
-0.00061057
-0.0187749
0.000271286
-0.135081
-0.000292513
