mu
1
0.000303224
-0.501441
-0.000562008
0.0932836
0.000186349
-0.166945
3.27547e-05
-0.00592099
0.000475275
-0.0692917
-0.000775993
0.135653
0.000470326
0.159307
-0.000312794
0.0838559
0.000408304
-0.247375
-0.000509448
-0.228216
0.000393854
0.142713
0.000166385
0.211171
-0.000320559
-0.137994
-0.000365248
0.145605
0.000564088
0.156478
2.47155e-05
-0.515394
-0.000239263
0.0232539
-6.5139e-05
0.265661
0.000380809
-0.0577343
-0.000418176
0.316428
0.000127711
-0.38977
-0.000188187
0.112586
0.000726708
-0.0658145
-0.000743823
-0.269518
0.000228483
0.393089
-0.000113354
0.0994966
0.000519009
0.0729031
-0.000845626
-0.54732
0.000559249
0.380065
1.41257e-05
-0.276607
-2.83713e-05
0.115909
-0.000233852
0.186029
5.25478e-05
0.0904803
0.000260225
-0.153617
-0.000295933
-0.11953
6.78424e-05
-0.279661
0.000148923
0.469114
0.000184089
-0.0153309
-0.000602062
-0.17078
0.000226225
0.359013
0.000213553
-0.366594
4.81843e-05
-0.124854
-0.000373565
-0.0013273
0.000322009
0.346985
-1.03773e-05
0.0188486
-0.000184865
-0.140381
-0.000175751
0.0504621
0.000406735
-0.289973
2.5965e-05
0.21872
-6.13276e-05
-0.210668
-0.000536325
0.331526
0.000744123
0.264482
-0.000488879
-0.557009
0.000166142
0.0475969
-8.23319e-05
0.0816501
0.000606151
-0.0703402
-0.001022
0.115913
0.000619124
0.212384
-0.000279931
-0.136483
0.000544609
-0.058848
-0.000655285
-0.357063
0.00020072
0.304198
0.000304902
0.0877991
-0.000162853
0.12304
-0.000343561
-0.217841
0.000202973
0.157784
0.000391542
-0.152282
-0.000502661
-0.413683
0.000168518
0.624567
0.000134406
-0.0647881
-3.40799e-05
-0.00158907
-0.000400491
-0.0511837
0.000299742
-0.247481
0.000223407
0.158885
-6.10714e-05
-0.116784
-0.00036963
0.144919
0.000156693
0.246995
0.000263432
-0.0653204
-0.000355035
-0.423601
-4.53685e-06
0.0993807
0.000514602
0.145037
-0.000402512
-0.0153613
6.7897e-05
0.0247913
-0.000419989
0.304021
0.000836269
-0.408981
-0.000754612
-0.0510836
0.000631128
-0.0190976
-0.000642076
0.0766293
0.000890183
0.433009
-0.00108075
-0.416835
0.000532437
0.118645
-5.22591e-05
0.0131409
0.000503212
-0.350418
-0.000798906
0.167313
0.000340917
0.256413
6.39663e-05
0.131773
-1.73844e-05
-0.332165
-0.000369375
0.0362825
0.000539
-0.0988597
-4.13553e-05
0.00544458
-0.000247231
0.148787
-0.000214086
0.0511611
0.000468889
0.149971
-0.000106925
-0.170321
-0.000230474
-0.461184
6.44612e-05
0.423908
0.000376677
0.0482391
-0.000248612
-0.14524
-0.00045776
0.336322
0.000687213
-0.225908
-0.000369664
-0.109254
0.00025579
-0.176397
-0.000536544
0.177818
0.000974839
0.255591
-0.000969893
-0.0557595
0.000581418
-0.0734411
-0.000879248
-0.181168
0.00145765
0.169784
-0.00112668
-0.320481
0.00060282
0.237258
-0.000608705
0.422711
0.00070258
-0.357279
-0.000825998
-0.121229
0.000637537
0.0506761
-2.83843e-05
-0.152118
8.08887e-05
0.258267
-0.000522057
-0.0427756
0.000203468
0.158421
0.000182192
-0.007003
2.56773e-05
-0.40505
-0.000326415
0.0172027
0.000462948
0.261063
-0.000120478
0.0973487
-0.000339574
-0.143255
-0.000100094
0.144193
0.00058756
-0.0592362
-1.94388e-05
-0.445319
-0.000576683
0.336671
0.000520224
0.0481501
-0.000321298
0.168302
0.000312736
-0.018779
-0.000751718
-0.372246
0.00104428
0.220112
-0.000459928
-0.128178
0.000105931
-0.0831982
-0.000681029
0.404924
0.00111347
0.044791
-0.00101051
-0.312108
0.000669662
-0.12591
-0.000360562
0.110241
0.000620807
0.037529
-0.000832404
0.0179277
0.000202776
0.245693
0.000133028
-0.18502
0.000328196
-0.0128486
-0.000348434
-0.297158
-0.00023557
0.0601118
0.000574707
0.507184
-0.000398272
-0.296434
1.02e-05
0.0234577
-7.65086e-05
0.131539
0.000544375
-0.370947
-0.000531428
0.0248061
0.000158621
0.159984
-0.000173255
0.228966
0.000499472
-0.0405311
-0.000690153
-0.212862
0.000463525
-0.0510406
-0.000145401
-0.0211856
0.000434302
0.114162
-0.000925403
-0.0859593
0.00085709
0.376565
-0.00060117
-0.0714033
0.000589105
-0.525559
-0.000811331
0.229413
0.00106525
0.0784847
-0.000705362
-0.0602038
6.45592e-05
0.27644
-0.000251213
-0.15727
0.000622436
0.0316828
-0.000189753
-0.253888
-0.000253016
-0.0950418
0.000112142
0.345142
0.000151582
0.132112
-0.000159948
-0.161575
-0.000243419
-0.0912804
0.000555975
0.0948879
-0.00022004
-0.260487
-4.50712e-05
-0.0180659
-0.000294524
0.506085
0.000580056
-0.174604
-0.000462076
-0.03017
0.000191052
-0.166619
-0.000143621
-0.134732
0.000523768
0.288478
-0.00066975
-0.147661
0.000186644
0.167064
9.19732e-06
0.234619
0.000471038
-0.415199
-0.000805648
-0.15681
0.000551196
0.167315
-0.000141738
0.188545
0.000230117
-0.0929906
-0.000666588
0.136838
0.000529909
-0.0372504
6.67966e-05
-0.262467
-0.000111052
-0.00914189
-0.000318679
0.0451951
0.000433215
0.2516
-7.22384e-05
0.187648
-0.000314442
-0.532172
0.000222986
0.285187
2.7265e-05
-0.154942
0.000302074
-0.169234
-0.000859183
0.300689
0.000905298
0.198121
-0.000590419
-0.141884
0.000362684
-0.182921
-0.000470072
-0.107222
0.000663705
0.130029
-0.000343916
0.0262918
-6.9472e-05
0.136057
-0.000203993
-0.0308221
0.000540847
0.134385
-0.000275994
-0.42706
-1.08172e-05
-0.107944
-0.000191064
0.501896
0.000648452
-0.137172
-0.000764742
0.00490281
0.000291355
0.132251
1.36571e-05
-0.287307
0.00035951
-0.0229599
-0.000676569
-0.0437534
0.000438892
0.205351
-9.9563e-05
0.273647
0.000145196
-0.28114
-0.000484527
-0.111807
0.000466798
-0.0167441
1.22337e-06
0.0946933
-5.19229e-05
-0.20817
-0.000392395
0.418219
0.00042752
0.089859
0.00012589
-0.403977
-0.00064845
-0.0139408
0.000567604
0.0185252
-5.7358e-05
0.0249231
6.60876e-05
0.273467
-0.000525195
-0.20276
0.000300266
0.205904
0.000350425
-0.189221
-0.000340884
-0.351492
-0.000141252
0.279693
0.000382846
0.247317
-0.000156822
-0.0697795
-0.000213213
-0.10588
-1.06662e-05
0.0838721
0.000651481
-0.219928
-0.000636002
-0.103659
2.83542e-05
0.280733
0.00019281
0.0833629
0.00011165
0.0890398
-0.000280383
-0.226013
-4.35781e-05
-0.274124
0.000266384
0.377176
0.000210312
-0.24365
-0.000664024
0.124668
0.000309059
0.339992
0.000226478
-0.225815
-0.000151197
-0.271161
-0.00030953
0.0178768
0.000395057
0.122206
0.000154486
0.119238
-0.00050311
0.00866371
6.8179e-05
0.0453159
0.000304364
-0.139703
-2.10697e-05
-0.0716611
-0.000220168
-0.232906
-0.00012366
0.372331
0.000603755
0.268418
-0.000420488
-0.407498
-0.000348351
0.129269
0.000585985
-0.0466253
-4.8692e-05
-0.260293
-0.000209399
0.214774
-0.000147856
0.127602
0.000414659
0.139568
-0.000114345
-0.130485
-0.00036762
-0.304335
0.000111974
0.094158
0.000682828
0.112604
-0.000684499
-0.0051443
1.60492e-05
0.0604493
4.06258e-05
0.234389
0.000496153
-0.311677
-0.000759375
-0.340256
0.000347793
0.41043
0.000317714
-0.0709262
-0.000207938
0.159687
-0.000486732
-0.00635958
0.000444142
-0.136834
5.30352e-05
-0.0162224
0.00012441
-0.170562
-0.000603332
-0.0040399
0.000587744
0.519379
-9.39296e-05
-0.19403
-0.00029931
-0.157081
1.04043e-05
-0.0508371
0.000395673
0.0735238
-3.49877e-05
-0.228962
-0.000459762
0.288033
0.000286105
0.196481
0.000175036
-0.149821
-0.000373313
-0.147397
0.00010704
-0.144993
0.000186449
0.05324
0.000101869
0.335924
-0.000265689
-0.298296
-0.000332142
0.325572
0.000642798
-0.0637264
-0.000130462
-0.420631
-0.0003179
0.0622667
0.00018756
0.256161
0.000251829
0.0753875
-0.000338088
-0.0549044
-0.000179438
0.0130712
0.000411572
-0.152827
2.74068e-05
-0.0671181
-0.00027237
-0.0319724
7.41335e-05
0.196397
3.3966e-05
0.244881
0.000173786
-0.140215
-0.000461413
-0.424859
0.000176981
0.376025
0.000599367
-0.250113
-0.000669063
0.0520281
-4.51148e-05
0.322189
0.000337991
-0.037538
2.2074e-05
-0.166167
-0.000297857
-0.181991
4.44716e-05
-0.0239677
0.000358048
0.276551
-0.000118468
-0.00859229
-0.000427372
0.0101347
0.000288889
0.0124156
0.00013012
-0.027699
1.15434e-05
-0.435276
-0.000456469
0.285879
0.000629475
0.319743
-0.000217468
-0.183745
-0.000402872
0.0187345
0.000313619
-0.0441397
0.000174682
-0.212086
-3.93485e-05
0.10791
-0.000329204
-0.017978
0.000139655
0.268279
0.000278483
0.129946
-0.000264273
-0.481135
-0.000199413
0.0541252
0.000372462
0.0688969
7.00187e-05
0.034065
-0.000256624
-0.0447702
-0.000202101
0.37243
0.000557351
-0.215503
-0.000379293
-0.280883
-0.000137545
0.0465709
0.000340696
0.0527809
0.000209229
0.211293
-0.000521833
0.0417009
3.19854e-05
-0.210532
-9.66273e-06
0.200181
0.000686337
-0.32926
-0.000838517
-0.121798
0.000380833
0.428071
4.05467e-05
0.105908
-1.79128e-05
-0.227542
-0.000538019
0.01453
0.000655733
-0.11469
0.000132758
-0.0269514
-0.000489708
-0.00897793
-6.6791e-05
0.279498
0.000380068
0.00254644
-6.39812e-05
0.0195442
-0.000192618
-0.439375
-9.03415e-05
0.105485
0.000483844
0.276605
-0.000129389
-0.223132
-0.000661287
0.233855
0.00079529
0.139936
-0.000259958
-0.38503
-0.000215169
-0.0794194
0.000197986
0.0733782
0.000102223
0.191657
6.79736e-05
0.10142
-0.000504566
-0.104962
0.000190321
-0.0702326
0.000428214
-0.00455636
-0.000361889
-0.201146
4.46199e-05
0.0506803
-0.000132032
0.423766
0.000526659
-0.0368961
-0.00067387
-0.379417
6.5191e-05
0.175751
0.000573153
-0.144976
-0.000312931
-0.0368997
-5.45551e-05
0.265591
-0.000216453
-0.00334531
0.000482784
0.125574
-0.00032803
-0.321111
-3.36383e-05
-0.183839
0.00014379
0.259389
0.000336621
0.117461
-0.00065672
-0.111511
0.000237926
0.168098
-2.26025e-05
-0.00261535
0.000498016
-0.394089
-0.00088543
0.0180042
0.000641295
0.302042
0.000105796
0.0171606
-0.000628038
0.0595219
0.000461139
-0.135292
-0.000363422
-0.139148
0.000675495
0.110722
-0.000586792
-0.249801
3.66025e-05
0.31553
0.000249932
0.2904
1.64344e-05
-0.339484
-0.000523924
-0.164
0.000516385
0.113799
-1.45161e-05
-0.0647477
5.80703e-05
0.0548989
-0.000573104
0.192562
0.000592313
0.0651386
-0.000185017
-0.220872
-0.00010474
-0.123909
3.0617e-05
-0.126008
0.000275255
0.388857
-0.000141819
0.00646314
-0.000237561
-0.160674
-0.000171001
0.216326
0.000898335
-0.198086
-0.000804296
-0.34266
0.000267062
0.339679
-0.000126695
0.138613
0.000371423
0.0368777
-0.000411
-0.104451
-0.000142153
-0.133298
0.000626565
-0.0130291
-0.000341767
-0.0217704
-5.94003e-05
0.0365105
-0.000128685
0.236513
0.000494252
0.149018
-0.000392949
-0.477327
-0.00015202
-0.0249931
0.000294961
0.215642
0.000407189
-0.114362
-0.000936859
0.115945
0.000614393
0.241478
-0.000295811
-0.256774
0.000519945
-0.0528718
-0.00070207
-0.234323
0.000379736
0.221636
0.000103694
0.254322
-8.08421e-05
-0.119017
-0.00041402
-0.0770655
0.000681172
0.0938216
-0.00051174
-0.247213
0.000343394
-0.141878
-0.0005965
0.420806
0.00102218
0.101862
-0.000768007
-0.199113
3.85202e-05
-0.0254678
1.98056e-05
-0.133138
0.000284009
0.00198321
-4.98258e-05
0.123913
-0.000227754
-0.0238749
6.81768e-05
0.328917
0.000266204
-0.203982
-0.000498036
-0.387069
0.000166378
0.176035
0.000452228
0.177538
-0.000412767
-0.124462
0.000120266
0.215887
-0.000374526
-0.00256541
0.000755942
-0.173858
-0.000751154
-0.24579
0.00025414
0.192955
0.000281497
0.0625313
-5.50225e-05
0.307414
-0.000247072
-0.327721
-0.000246984
0.0145679
0.000376252
0.0425576
0.000417715
-0.272653
-0.00098431
0.100529
0.000873055
0.449747
-0.000351028
-0.172005
6.49612e-05
-0.173231
-0.000606235
-0.0345592
0.000814759
-0.0707926
2.62155e-05
0.105376
-0.000372974
0.0546541
-0.000167089
0.128279
0.000538011
0.0593137
-0.000650294
-0.271483
0.000508833
-0.250869
-0.000356868
0.313796
0.000791981
0.154925
-0.000830934
-0.213915
-0.000102522
0.286694
0.000530924
-0.159633
-7.11413e-05
-0.271129
-0.000310874
0.0506208
0.000290983
0.121075
6.1659e-05
0.235854
-6.87231e-05
-0.0348367
-0.000558649
-0.232853
0.00056682
0.00899996
0.000106972
0.0270038
-0.000146943
-0.204121
-0.000181994
0.303473
0.000114891
0.269814
0.000219335
-0.321277
-0.000540548
-0.167107
0.000222215
0.0765826
0.000544772
-0.015615
-0.000544936
0.0706645
8.07588e-05
0.198234
-1.62671e-05
-0.113171
1.38149e-05
0.104163
5.9932e-05
-0.46486
-0.000340107
0.09748
0.000859084
0.342063
-0.000572825
-0.0368072
-0.000107111
-0.0946932
-0.000265559
0.130011
0.000682917
-0.174324
-0.000124306
-0.267637
-0.000363008
0.269217
0.000330358
0.132881
9.46216e-05
0.107455
-0.00067747
-0.158389
0.000505744
-0.18171
-7.79459e-05
0.0473418
0.000434566
0.0475171
-0.000543317
-0.126885
-0.000152285
0.402944
0.000572723
0.0329249
-0.000408484
-0.460025
-4.00969e-05
0.044503
0.000313213
0.092281
2.89595e-05
0.00387842
-0.000184941
0.152177
-0.000347743
0.0184064
0.000662421
-0.00777496
-0.000450691
-0.229017
0.000124687
-0.109654
-7.58119e-05
0.0885382
0.00042809
0.446988
-0.000195148
-0.300682
-0.000686726
0.0033223
0.00051317
0.0747293
0.00047072
-0.274485
-0.000712451
-0.0448375
0.000460502
0.338016
-0.000133794
0.0873586
-0.000116809
-0.099539
-9.63808e-05
-0.115365
-0.000148758
-0.21045
0.000927241
0.258337
-0.000614147
-0.137677
-0.000213675
0.158442
0.000170897
0.200404
3.32043e-05
-0.118598
3.86858e-05
-0.456528
-0.000301828
0.238084
0.000763245
0.122907
-0.000338994
-0.0427071
-0.000700788
0.160519
0.000595104
-0.031638
6.16212e-06
-0.183294
0.000167755
-0.0707047
-0.000432207
-0.121463
0.000287344
0.403974
0.000193625
0.0780802
-0.000591345
-0.229701
3.93856e-05
-0.0645319
0.000674793
0.131913
-0.000425056
-0.366628
0.000243027
0.261974
-0.000732888
0.240752
0.00110985
-0.0104153
-0.00103745
-0.235527
0.00037335
-0.0663673
0.000280827
-0.0547516
2.54016e-05
0.184159
-0.000348211
0.00407981
-9.44302e-05
0.0424685
0.000198275
0.225966
0.000330194
-0.437682
-0.000746053
-0.160439
0.000651452
0.335772
-2.96761e-05
0.0537149
-0.000164162
-0.0405483
-0.00041934
0.101494
0.000363102
-0.105748
0.000455322
-0.207795
-0.000757717
0.0163363
0.00044634
0.0677038
9.31826e-05
0.339943
-0.000397176
-0.0883318
0.000145613
-0.287068
-0.000239441
0.0716035
0.000625511
0.0222931
-4.83329e-05
-0.21375
-0.000844083
0.338769
0.00102601
0.205362
-0.000853078
-0.302023
0.000417718
-0.0966858
-0.000210307
-0.0732747
0.000616527
0.102139
-0.000408287
0.143753
-0.000286538
-0.0228964
5.59529e-05
0.0852887
0.000431035
-0.0216417
-0.000417507
-0.388916
0.00042428
0.0375643
-0.000425646
0.416952
0.000583647
-0.0929623
-0.000789956
-0.0601394
7.69206e-05
0.0964663
0.000798404
-0.229456
-0.000668267
-0.0941309
0.000346849
0.110358
-0.000240203
0.180498
6.12471e-05
0.158072
1.32526e-05
-0.202073
-0.000372501
-0.273411
0.000700028
0.232107
-0.000134813
-0.104696
-0.000241671
-0.0167854
-0.000143526
0.344476
4.23289e-06
0.00165414
0.000635606
-0.387819
-0.00101413
0.000949903
0.00101844
0.0582109
-0.000351527
0.103275
-0.000257816
0.120832
-8.93368e-05
-0.0562026
0.000368219
0.0206656
-0.000139052
-0.125841
0.00032454
-0.299703
-0.000839141
0.286675
0.0011537
0.325566
-0.000979242
-0.258652
0.000302899
0.00945707
-0.000108205
0.00166522
0.000524388
-0.204635
-0.000365513
-0.008182
-0.000246877
0.260057
0.000526365
0.0808884
-0.000384424
0.0382958
-0.000162444
-0.332939
0.000467138
-0.0547443
-0.000308374
0.200202
0.000634814
-0.0613808
-0.000926581
0.0333708
0.000233037
0.33776
0.000445529
-0.277642
-0.000601636
-0.308309
0.000546493
0.153736
-8.05894e-05
0.11483
-2.4792e-05
0.0618705
-0.000445395
0.0924063
0.000164415
-0.141437
0.000290118
0.0192886
0.000225313
-0.224301
-0.000651743
-0.0385563
0.000574149
0.355056
-0.000681595
0.167371
0.000898613
-0.38283
-0.00126272
0.0956986
0.0013795
-0.0441452
-0.000552928
-0.181975
-0.00015103
0.175381
-9.49543e-05
0.227476
0.000357527
-0.0140528
-0.000288001
-0.142232
0.000187484
-0.235939
-0.000243821
0.0615277
0.000708874
0.228548
-0.00085747
-0.110072
0.000212311
0.117649
9.50126e-05
0.193315
0.000193252
-0.466727
-0.000151525
-0.0667485
-0.000338256
0.22078
0.000905261
0.151789
-0.000891324
-0.0685298
5.37568e-05
0.10217
0.000382019
-0.226387
-4.89438e-05
0.0193381
3.47939e-07
-0.161987
-7.99579e-05
0.126183
-0.000258026
0.381153
0.000689439
-0.141893
-0.00103903
-0.297251
0.000925098
0.101327
-0.000361846
-0.00178135
0.000414635
-0.172255
-0.000836844
0.359669
0.000496264
0.0699723
0.000157654
-0.1438
-0.000360361
-0.17305
7.44064e-05
-0.131093
0.000471191
0.225111
-0.000590415
0.11179
0.000466519
-0.0760957
-0.000936485
0.103135
0.00118104
0.0109908
-0.000411537
-0.453443
-0.000370407
0.124161
0.000510861
0.357401
-0.000207255
-0.0912258
-0.000174501
0.0377205
3.10915e-05
-0.106372
0.000238964
-0.0705643
0.000186178
-0.116468
-0.000655412
0.106176
0.000425037
0.103439
0.000104028
0.327653
-0.000356008
-0.394782
0.000195801
-0.169629
-0.000306627
0.217554
0.000997613
-0.125731
-0.00102108
0.0649763
4.4816e-05
0.239321
0.00056666
0.0362744
-0.000399881
-0.375078
-5.272e-05
0.0273644
0.000387659
-0.0734169
-0.000249021
0.316914
0.000248709
-0.00941199
-0.000762284
-0.0886967
0.000707045
0.101265
-0.000101074
-0.176637
4.64286e-05
-0.282882
-0.000274352
0.311559
0.000182498
0.29074
0.000240243
-0.234182
-0.000762323
0.0124077
0.000508372
-0.0724802
0.000461459
-0.147925
-0.000820496
0.0965156
0.000619862
0.0385326
-0.000585422
0.285102
0.000432861
-0.0786461
-6.07529e-05
-0.291114
-0.000442145
-0.126167
0.000881739
0.340654
-0.000525421
-0.190008
-0.000114239
0.137785
-7.15149e-05
0.255561
0.000357343
-0.302967
-2.58598e-05
-0.163052
-0.000348878
-0.0239665
0.000479765
0.226987
-0.000218446
0.0707484
-0.00026311
0.066618
0.000210321
-0.236125
-1.74277e-05
0.171879
0.000317856
-0.318961
-0.000337605
-0.025916
-0.000252563
0.428125
0.000810633
0.04343
-0.000907401
-0.247757
0.000323439
-0.0402783
0.000296626
0.026441
-0.00011722
-0.189352
-9.86445e-05
0.260865
-0.000312069
0.0364793
0.000599183
0.157436
-0.00039159
-0.194312
2.59875e-05
-0.323232
0.000140685
0.183714
-4.10298e-05
0.192552
0.000287725
-0.128872
-0.000818516
0.154902
0.000611618
0.106833
0.000174127
-0.380086
-0.000683581
-0.10392
0.000757188
0.252736
-0.000410233
0.0512561
0.000158095
0.177954
-0.000306152
-0.245082
-7.33896e-05
0.0421095
0.000769083
-0.131918
-0.000516212
-0.0210374
-6.33022e-05
-0.0484172
4.70415e-05
0.586133
1.99505e-05
-0.340154
0.000193818
-0.166857
-0.000677315
0.0422592
0.00111903
-0.0431745
-0.000639667
-0.00134055
-0.000284918
0.190352
0.000420416
0.113502
-0.000164086
-0.113427
0.000196551
-0.175111
-0.000249847
-0.218678
2.92114e-05
0.35315
0.000590664
0.078084
-0.0010649
-0.140615
0.000685344
0.183495
-0.000212085
-0.0870021
0.000417274
-0.363694
-0.00063257
0.112701
0.000362092
0.2971
0.00015696
-0.010469
-0.000424225
0.0193277
-3.497e-05
-0.177191
0.000636669
-0.0652023
-0.000625597
0.0591836
0.000547836
-0.162578
-0.000759904
0.359908
0.000654585
0.132942
1.81107e-05
-0.269989
-0.00075222
-0.269905
0.000716984
0.287488
5.25009e-05
-0.156042
-0.000371638
0.121148
7.73814e-05
0.201674
-9.8556e-05
-0.0724721
0.000457443
-0.138452
-0.000716714
-0.219846
0.000616491
0.077251
-9.87403e-05
0.289049
-0.000110512
0.0206428
1.19525e-05
-0.202779
-0.000602344
0.225783
0.00121962
-0.278134
-0.000777452
-0.204103
2.88089e-05
0.313622
0.00034688
0.194201
-0.000268197
-0.0847559
-0.00030758
-0.106852
0.00044284
-0.0856093
2.12966e-05
-0.0659014
0.000211932
0.0977879
-0.000814519
-0.0223789
0.000579723
0.29444
2.98825e-06
0.0147774
-0.000130788
-0.485939
-8.66316e-05
0.0895957
1.86554e-05
0.167496
0.000715476
-0.0552378
-0.00110971
0.0988628
0.000381262
0.181403
0.000432009
-0.244602
-0.000687138
-0.136301
0.000716853
-0.0721018
-0.000579339
0.194934
0.000576146
0.251635
-0.000545536
-0.175138
-0.000155049
-0.077147
0.000616009
0.0793529
-7.58614e-05
-0.241726
-0.00029886
-0.0719657
-4.08468e-05
0.464971
0.000411566
-0.000967665
-0.000313555
-0.219345
-0.000312814
-0.010446
0.000509905
-0.155064
0.00027067
0.12751
-0.000716898
-0.00038084
0.00046213
0.152772
-0.000560041
0.113255
0.00077645
-0.145854
-0.000491347
-0.422536
-0.000176668
0.298605
0.000958239
0.127606
-0.000978156
-0.0854021
0.000199968
0.137814
-5.61937e-05
0.0478011
0.000446787
-0.331836
-0.000239181
-0.032742
-0.000293434
0.08247
0.000696192
0.232363
-0.000761933
0.090243
0.00033048
-0.231817
-0.000216747
-0.0616114
0.000439424
0.106764
7.75256e-05
-0.309913
-0.000682044
0.256934
0.000285344
0.30637
0.000506361
-0.142197
-0.000929059
-0.27542
0.000626259
0.0657447
0.000134859
-0.0616624
-0.000260051
0.0965722
2.4194e-05
0.121303
-0.000453366
0.0292891
0.000827753
0.0663305
-0.000592098
-0.340972
0.000454947
-0.144288
-0.000441816
0.369871
0.0002852
0.0623934
3.88359e-05
-0.146899
-0.000749268
0.189563
0.00122495
-0.146052
-0.000702472
-0.277438
-0.00011005
0.118648
0.000361666
0.169233
-0.000202309
0.171809
7.4862e-05
-0.0902273
-6.16024e-05
-0.218042
-0.000256431
0.0166784
0.00074075
0.0383523
-0.000547699
-0.146963
-7.15676e-05
0.306816
0.000248832
0.227499
-8.64993e-05
-0.42516
-3.30779e-05
-0.0760958
-0.00017692
0.0807182
0.00069126
0.00454323
-0.000625993
0.11891
-7.78692e-05
0.0912357
0.000386296
-0.0222319
-0.000436547
-0.0893496
0.000809398
-0.290966
-0.00110768
0.0805113
0.000995492
0.394329
-0.000420356
-0.111319
-0.000264773
-0.105835
0.000175835
0.13441
0.000359314
-0.233603
-0.000238662
-0.165214
-0.000231559
0.274668
0.000259694
0.175096
0.000124585
-0.0307354
-0.000408047
-0.106666
7.48649e-05
-0.247432
0.000368596
0.182349
-0.000188003
-0.0544717
0.000155099
0.0123876
-0.000686422
0.318922
0.00076747
-0.0437512
-0.000142416
-0.435575
-0.000666339
0.0576801
0.0011871
0.180313
-0.000894728
-0.0454144
0.000405892
0.164564
-0.00057399
-0.00241532
0.000579165
-0.0867996
3.80827e-05
-0.172508
-0.000434272
-0.109727
0.000402866
0.216025
-0.000231363
0.326213
0.000271988
-0.297812
-0.000788174
-0.0156806
0.000867134
0.0661041
-0.000105697
-0.262517
-0.000119098
0.0217983
-0.000540512
0.366915
0.00101473
-0.00253249
-0.000965533
-0.094045
0.000559307
-0.209889
-0.000181332
-0.0154248
0.000154292
0.0916043
0.000143714
0.0720235
-0.000779913
-0.0227562
0.000766439
0.32414
-0.000213478
-0.344496
-4.38766e-05
-0.275284
-5.06901e-05
0.212952
0.000110416
0.178347
0.000347304
-0.0949065
-0.00109757
0.168497
0.00115891
-0.0991081
-0.000700229
-0.156252
0.000625114
-0.0891032
-0.000779847
0.0103589
0.000721143
0.349403
-0.000471623
0.0458186
0.000328245
-0.290646
-0.000655526
0.00163859
0.000868591
0.0651445
-0.000226216
-0.253419
-0.000469401
0.227349
0.000485966
0.307768
-0.000364959
-0.187134
0.000510612
-0.15503
-0.000882914
-0.106945
0.00105627
0.0459598
-0.000510363
0.156981
-7.56509e-05
0.00156681
7.29067e-05
0.0623716
-0.00029003
0.112242
0.000912713
-0.416209
-0.00109178
-0.0903864
0.000618452
0.369947
0.000178679
0.0369058
-0.00057985
-0.0879187
0.000127958
0.110904
0.000167986
-0.165253
0.000298977
-0.154517
-0.000581213
0.0271514
0.000426782
0.169351
-0.000424046
0.221053
0.000635385
-0.080689
-0.000920731
-0.363233
0.000962893
0.202054
-0.000703812
-0.0849102
0.000901627
-0.0650732
-0.00144148
0.27897
0.00116075
0.183604
-8.17559e-05
-0.377918
-0.000751029
-0.0664422
0.000879269
-0.0114082
-0.000695979
0.118653
0.000795745
0.130873
-0.000922094
-0.0369754
0.000450224
0.066428
0.000143564
-0.097829
-0.000178366
-0.315109
-2.0745e-05
0.0865493
-0.000100754
0.454134
0.000627418
-0.204718
-0.000921338
-0.00788215
0.000341119
0.0134998
0.000282846
-0.173298
7.52561e-05
-0.100363
-0.000734147
0.199966
0.00080099
0.143039
-0.000499236
0.114631
0.000315844
-0.28253
-0.000301271
-0.16782
-0.000145192
0.186841
0.00123767
-0.0287068
-0.00178149
-0.0449726
0.0011304
0.384792
-0.000461319
-0.146763
0.000626984
-0.328119
-0.000999423
0.000216609
0.000703267
0.156849
0.000175109
0.0450252
-0.000660987
0.140512
0.000445344
-0.11286
-0.000300149
0.0176304
0.000467067
-0.156724
-0.000423613
-0.229248
-2.26953e-05
0.38237
0.000357538
0.190322
0.000187036
-0.200685
-0.00113263
-0.114135
0.00101674
0.134944
-9.67585e-05
-0.330254
-0.000307407
0.19084
0.000377309
0.136107
-0.000678031
0.167004
0.00105758
-0.153662
-0.00136364
-0.21672
0.00117474
-0.0761195
-0.000552773
0.273575
0.000470674
-0.110637
-0.000665099
0.093389
8.23262e-05
0.247106
0.000771065
-0.316634
-0.000879848
-0.270817
0.000267784
0.229184
0.000323561
0.101039
-0.000174973
0.0752452
-0.000247073
-0.00417142
-1.25884e-05
-0.0635907
0.000435907
-0.110545
-0.000192901
-0.0798141
-0.000194374
-0.0776654
-7.67769e-05
0.472928
0.000920376
-0.0283042
-0.00134115
-0.306331
0.00082945
0.0467211
-0.000562997
-0.00443074
0.00124249
-0.151743
-0.00170104
0.194164
0.00122111
0.2482
-0.000287744
-0.141544
-0.000414907
-0.107664
0.000370793
-0.252942
-0.000203757
0.179566
0.000664987
0.166114
-0.000716935
-0.090161
-0.00015528
0.12762
0.000551112
0.0638854
-1.38226e-06
-0.37953
-0.000503831
-0.11259
0.000339975
0.412973
0.000233414
-0.0471583
-0.000305868
0.0734864
-0.000264773
-0.0966983
0.000398174
-0.0675677
9.87625e-05
-0.113706
-0.000436096
-0.00957946
0.000426
0.121237
-0.000311722
0.342599
0.000410607
-0.203616
-0.000506149
-0.317679
-0.000255347
0.19468
0.00134118
-0.0733323
-0.00143184
-0.0503677
0.000946791
0.298307
-0.000760102
0.0582442
0.000879841
-0.212869
-0.00114772
-0.175513
0.000953391
-0.00972913
-0.000320385
0.174595
0.00032093
0.168589
-0.000508579
-0.178788
-2.05429e-05
0.174439
0.000300656
-0.129548
0.000166792
-0.343843
-0.00062114
0.176918
0.000648644
0.337727
4.66992e-05
-0.0885562
-0.000834467
-0.0857555
0.000504569
0.0198418
0.00012531
-0.220724
2.56761e-05
0.0884991
-0.000120809
-0.0300283
-0.00028381
0.288594
0.00067703
0.084632
-0.00068239
-0.319669
8.46512e-05
-0.171701
0.000253
0.244329
0.000327016
-0.0733594
-0.000460889
0.00766537
-0.000432899
0.330397
0.00108194
-0.173178
-0.000976563
-0.235823
0.000465309
-0.0674999
-0.000156657
0.122937
0.000541558
0.187898
-0.000775265
0.0308934
0.000462543
-0.139558
-0.000723857
0.0839815
0.00140496
-0.177902
-0.00140279
-0.244348
0.000822699
0.425073
-0.00023191
0.158227
0.000217558
-0.20914
-0.000710342
-0.0506358
0.000487477
-0.0376419
0.000322444
-0.105205
-0.000414489
0.0649045
9.55867e-06
0.171146
0.000269398
0.105033
-0.000383927
-0.00513072
0.000314953
-0.434702
-0.000681632
0.100203
0.00116589
0.207968
-0.000384597
-0.0857595
-0.000627194
0.0850505
0.00026289
0.221698
0.000399275
-0.331323
-0.00044408
-0.181861
0.000249168
0.127675
3.78144e-06
0.14005
0.000212769
0.151698
-0.000622514
-0.10662
8.05543e-05
-0.0956585
0.000660767
0.0283505
-0.00052799
-0.207401
0.000360578
0.013352
-0.000781246
0.416677
0.00136122
0.0166553
-0.00137935
-0.368451
0.000462402
0.112301
0.000241188
-0.111485
0.000142526
0.00328547
-0.000540203
0.128614
0.000413278
0.166406
-0.000270481
-0.0218383
0.000272089
-0.15673
-0.000561154
-0.318315
0.000607336
0.287502
3.3606e-05
0.131496
-8.80704e-05
-0.097407
-0.000603445
0.115028
0.000508585
0.0693079
0.000109244
-0.413125
-0.000255863
0.00905244
-2.19176e-05
0.235371
0.000656395
0.118952
-0.000929171
0.000366238
0.000488101
-0.107549
-0.000505352
-0.130352
0.000705181
0.0689611
5.17675e-06
-0.186255
-0.000697295
0.217284
0.000717626
0.337029
-0.000497661
-0.265164
0.000130339
-0.24923
-0.000338318
0.128522
0.00109226
-0.0382701
-0.0009169
0.0119024
0.000215029
0.22001
-0.000305931
0.0301495
0.000742535
-0.120369
-0.000929328
-0.226767
0.0007713
-0.0646062
-0.000506734
0.30289
0.000819426
0.101733
-0.000943334
-0.20393
1.80951e-05
0.20914
0.000543529
-0.169705
-8.35018e-05
-0.30093
-0.000386254
0.187448
0.000573929
0.281511
-0.000334732
-0.0400275
-1.41944e-05
-0.0432132
-0.000454419
-0.168035
0.000934431
-0.0171483
-0.000636247
0.0130511
0.000499198
-0.02988
-0.000523819
0.277878
0.000239806
0.124502
0.000108944
-0.377347
-0.000705039
-0.15312
0.000815465
0.272814
0.000191561
-0.12024
-0.00052123
0.120324
-0.000308527
0.180147
0.000656623
-0.123451
-0.000622543
-0.166094
0.000761116
-0.157799
-0.000889929
0.133409
0.00122509
0.29295
-0.00102718
-0.0748542
0.000170461
-0.139677
-0.000312354
0.133002
0.000953247
-0.234763
-0.000593604
-0.165732
-6.25175e-06
0.372176
0.000300659
0.15284
-0.000177095
-0.159683
-0.000693975
-0.0976674
0.000940432
-0.0749817
-0.000259716
-0.0351178
0.000388068
0.121779
-0.000789586
-0.00887667
0.00032335
0.283541
0.000131605
-0.104287
-0.00017782
-0.440207
-0.000215225
0.154249
0.000828877
0.162065
-0.000394139
-0.031183
-0.000400596
0.0704997
6.3926e-05
0.149592
0.000235515
-0.279167
0.000160952
-0.133861
-0.000453511
0.0324887
0.000812989
0.189432
-0.000904987
0.225597
0.000641181
-0.24624
-0.00112268
-0.0293423
0.00138984
0.0176593
-0.000376815
-0.167191
-0.000252712
-0.059463
-0.000131686
0.544441
0.000579443
-0.189682
-0.000803409
-0.11464
0.000472049
-0.138181
-0.000142184
0.0270503
0.000702094
0.0179097
-0.000965523
0.111549
0.000366013
0.0827064
-0.000129175
0.100203
0.00037693
-0.247613
-0.000606612
-0.28778
0.000441679
0.277517
0.000222384
0.197587
-7.49824e-06
-0.198841
-0.00113658
0.234387
0.00120601
-0.117451
-0.000521064
-0.219666
0.000287022
-0.0817315
-1.93271e-05
0.233813
-9.69367e-05
0.124547
0.000186059
0.103287
-0.000912827
-0.329723
0.000873092
0.0540097
8.07588e-05
0.00372058
8.63759e-05
-0.182803
-0.000836054
0.263061
0.000792177
0.247366
-0.000441183
-0.168775
0.000110345
-0.343657
-0.000328655
0.206432
0.00113852
-0.139184
-0.000994796
0.2047
0.000267218
0.0378347
-0.000396039
0.0558189
0.000537112
-0.0247098
-0.000217714
-0.33395
3.4539e-06
-0.0325708
0.000163951
0.364598
0.000280515
0.0357818
-0.00102283
-0.170369
0.000652379
0.178088
-0.000195547
-0.19536
0.000782683
-0.20985
-0.00121781
0.140651
0.00108714
0.22955
-0.00064037
0.0771341
-2.20568e-06
-0.133996
-6.5181e-05
-0.178095
0.000291578
-0.00186312
0.000336507
0.105896
-0.000533435
-0.168019
-4.97346e-05
0.377834
0.000200698
0.09337
1.18507e-05
-0.449029
-0.000414486
0.00916552
0.000653113
0.0443745
-6.90122e-05
0.122816
1.83686e-06
-0.00541936
-0.000921376
0.181247
0.000984854
-0.154125
-0.000399919
-0.052643
0.000237859
-0.287773
-7.44133e-05
0.204158
0.000146444
0.323835
-0.000189616
-0.135946
-0.000436476
-0.117474
0.000256406
0.101733
0.000812515
-0.197091
-0.000887643
-0.171174
0.000479865
0.414143
-0.000533345
0.0176479
0.000622718
0.0360394
-0.000870792
-0.256554
0.00078803
-0.0895106
-0.000183761
0.13252
0.000454953
-0.0256523
-0.00104557
0.0685246
0.000580414
0.232284
-8.21552e-05
-0.0794022
0.000126449
-0.450924
-0.000208784
0.150644
0.00024927
0.187503
0.000398412
-0.0553974
-0.00128682
0.152644
0.000976837
-0.0380508
-0.000353758
-0.115587
0.000432209
-0.160586
-0.000426004
-0.0370368
0.000175487
0.258045
0.000192074
0.249347
-0.000473234
-0.336914
-2.85455e-05
0.010452
0.000397874
0.0435483
0.00014559
-0.24984
-0.000290392
0.139369
-0.000153274
0.259463
0.000462441
0.0826409
-0.0007027
-0.324702
0.000361367
0.0151184
9.60368e-05
-0.160907
0.0004523
0.278689
-0.00072433
-0.0777625
0.000224146
0.112862
-0.000458811
0.151215
0.000988862
-0.303352
-0.000977915
-0.282097
0.000701934
0.345322
5.84294e-05
0.0829057
-0.000386743
-0.0336562
-0.000312
0.0714451
0.0002206
-0.0737076
0.000583558
-0.189517
-0.000514318
-0.0411431
0.000198439
0.0880979
-1.52824e-05
0.323875
-0.00019853
-0.0555789
-3.6067e-05
-0.250459
-0.000261797
-0.0386367
0.00104852
0.138561
-0.000475849
-0.285854
-0.000377029
0.333919
-5.42603e-06
0.21156
0.000454174
-0.237161
-0.000675833
-0.145634
0.000699637
-0.0889524
-0.000107689
0.130598
0.000188159
0.108213
-0.000713026
0.0142424
-5.16376e-05
0.0521381
0.000851273
0.0177385
-0.000605133
-0.375119
0.000533531
-0.0180251
-0.000718492
0.392666
0.000966869
-0.00266879
-0.00120269
-0.11398
0.000443156
0.0866552
0.000443742
-0.159098
-0.00015867
-0.169697
-0.000153916
0.146701
-4.79564e-05
0.118436
0.000234583
0.239506
-0.000381412
-0.225749
1.45791e-05
-0.263139
0.000301962
0.188955
0.000327305
-0.0667102
-0.000423857
-0.0182608
-0.000366897
0.275925
0.000467856
0.0918724
-0.000199272
-0.377014
0.000113333
-0.0788053
-0.000141985
0.104974
0.000936877
0.0793788
-0.00144381
0.130976
0.000722702
-0.0450648
-0.000479843
0.00101652
0.000727133
-0.0787676
-0.000192072
-0.330668
-0.000316351
0.247417
0.000500535
0.342121
-0.000487964
-0.193679
-0.000138605
-0.0637033
2.38774e-05
0.040661
0.00096331
-0.207155
-0.000688569
0.00155896
-0.000157388
0.167202
1.40815e-05
0.207014
0.000305339
-0.0507817
-0.000447213
-0.237475
0.00030254
-0.139154
0.000236118
0.204241
3.69912e-05
-0.000519448
-0.000512135
-0.0499726
-0.000305704
0.377221
0.00101474
-0.244796
-0.000624289
-0.307437
-7.12499e-05
0.0870234
0.000797673
0.146495
-0.000744505
0.0809746
0.000100411
0.0562007
-0.000626683
-0.099256
0.00137832
0.00202967
-0.000909098
-0.207802
0.000549921
-0.0635297
-0.000684465
0.320793
0.000646374
0.21008
-0.000513749
-0.330578
-0.000219156
-0.00537381
0.000845076
0.0246398
-0.000104318
-0.175056
-0.000425351
0.0880533
-0.000160093
0.308425
0.000498704
-0.0687809
-0.000573359
-0.0418672
0.000602216
-0.339376
-0.00044301
0.110651
0.000818697
0.19272
-0.000941039
-0.08268
6.28885e-05
0.120338
0.000162565
0.131774
0.000352571
-0.304477
-0.000221326
-0.239701
-0.000234556
0.291983
0.000605255
0.120487
-0.000520561
-0.00903592
-0.000400457
0.0238575
0.000761836
-0.130015
-0.000332358
-0.063125
0.000655314
-0.0982811
-0.0011151
0.0560616
0.000819079
0.380839
-0.000500403
-0.044179
0.000283681
-0.383877
-0.000456763
0.153116
0.00105775
-0.0728959
-0.000705438
-0.0583941
-0.000142735
0.201061
6.33651e-07
0.18285
0.000349471
-0.133986
-0.000200524
-0.224395
-0.000227215
-0.0809585
0.000906963
0.139835
-0.00101269
0.183967
0.000654087
-0.0886572
-0.000966506
0.0606278
0.00108075
0.0888485
-0.000376008
-0.484634
-1.87262e-05
0.111052
9.52354e-06
0.290045
0.000187863
0.0529308
-0.000431115
-0.0970402
-8.93816e-05
0.0154204
0.000491456
-0.186872
0.000101163
0.0217036
-0.000251438
-0.0739044
-9.31895e-05
0.257761
-5.11973e-05
0.198935
0.00012704
-0.245786
-0.000254927
-0.245336
0.000434144
0.145328
0.000122315
0.0388436
-0.000104216
-0.123635
-0.000927735
0.381773
0.000989955
-0.064286
-0.000348699
-0.229779
0.000110299
-0.126114
0.000160363
0.0134037
-9.88212e-05
0.249666
3.06715e-05
0.055651
-0.000772835
-0.122281
0.000799166
0.1114
2.36115e-05
-0.163519
0.00018189
-0.268253
-0.000765072
0.227178
0.000679868
0.334196
-0.000377359
-0.173264
-0.000109791
-0.0612867
4.23928e-05
-0.0496568
0.000777444
-0.0973391
-0.000685277
-0.0196482
1.15431e-05
0.168412
-7.60584e-05
0.118509
0.000136903
0.130035
7.29662e-06
-0.436644
-6.7569e-05
-0.0516706
0.000387054
0.263038
-0.000145238
-0.124813
-0.000515773
0.127947
0.000128009
0.164065
0.00038115
-0.105598
8.08e-05
-0.342819
-0.000568671
0.0852849
0.000707992
0.105417
-0.000413724
0.209753
-0.000160007
-0.0642636
-5.32614e-05
-0.0859661
0.000398632
0.00632853
0.000107176
-0.139513
-0.000238283
-0.179258
-0.000223019
0.453615
0.000297087
0.104391
-6.32374e-05
-0.279624
-0.000524095
-0.0119589
0.000878651
-0.0470553
-0.000152731
-0.0751162
-0.000214249
0.12877
-0.000341931
0.106101
0.000332874
0.165469
-6.76244e-05
-0.214778
0.000103774
-0.25682
9.02196e-05
0.0563135
7.27982e-06
0.277544
-5.72158e-05
-0.129033
-0.000689471
0.10038
0.000715009
0.161446
0.000191559
-0.36675
-0.000313145
-0.124172
-0.000121744
0.185903
0.00040496
0.147624
-0.000508245
0.0914459
9.86155e-05
-0.126253
2.56554e-05
-0.104227
0.00046262
0.0363729
-0.000194489
-0.195678
-0.000448849
0.102817
0.000298653
0.399649
-3.1225e-05
-0.122959
8.93536e-05
-0.274028
-0.000301299
0.00376509
0.0004999
0.0655541
2.84271e-06
-0.121098
-0.000676485
0.273506
0.000494165
0.0366135
-0.000175313
-0.00351142
0.000166632
-0.252199
-0.000210254
-0.171408
0.000455225
0.260756
-0.000289456
0.178328
-7.30923e-05
-0.197494
-0.000554682
0.206406
0.000937479
-0.100626
-9.93333e-05
-0.290074
-0.000240897
-0.00339141
-0.000195215
0.327798
0.000361455
0.0376977
-0.000295068
-0.0203313
-0.000193243
-0.15327
0.000696855
-0.054671
-0.000331906
-0.0031157
5.75906e-05
-0.0556529
-0.000355326
0.185582
0.000212809
0.306096
0.00024738
-0.344621
-0.000535167
-0.223585
0.000412457
0.200887
0.000385324
-0.07952
-0.000669748
0.0952967
-4.69224e-05
0.148694
0.000189576
0.0292537
0.000273027
-0.194318
-0.000368161
-0.186377
0.000319708
0.0137625
-9.0869e-05
0.326003
1.28547e-05
0.00103171
-0.000491468
-0.126341
0.000279586
0.0844833
0.00038353
-0.0956151
0.000146247
-0.340163
-0.000912576
0.330968
0.000856693
0.20076
-0.000650683
-0.0519824
0.000258149
-0.110408
-3.86798e-05
-0.121071
0.000426403
-0.0180762
-0.000255894
0.0496548
-0.000234634
-0.00815088
-0.000145071
0.285107
0.000513786
0.0276641
-0.000317367
-0.416822
0.00011764
-0.0232391
2.56051e-05
0.197796
0.000284584
-0.000986017
-0.000640948
0.0145542
-4.91486e-05
0.233991
0.000654653
-0.227056
-0.000191959
-0.150154
-0.000200577
-0.0888819
0.000225009
0.175321
-0.000187627
0.270657
4.72752e-05
-0.139567
-0.000270717
-0.124657
0.000308237
0.113284
0.000421007
-0.253842
-0.000612697
-0.0514172
9.42004e-05
0.359353
-2.18963e-05
0.124134
0.000253675
-0.237765
-0.000535809
-0.0688455
0.000604022
-0.0802975
2.55673e-05
0.0532047
-0.000263384
0.0471204
-0.000328394
0.113812
0.000411409
0.132337
-0.000166615
-0.107569
0.000351667
-0.428151
-0.000586535
0.214776
0.000828849
0.205826
-0.000611061
-0.115941
-0.000288233
0.152967
0.000385271
0.00917316
0.000217918
-0.223373
-2.5829e-05
-0.145965
-0.000382713
0.111385
0.000330441
0.231194
-0.000119733
0.0930448
-0.00038479
-0.193216
0.000563576
-0.103387
-0.000192764
0.105682
0.000385055
-0.252533
-0.000627139
0.154677
1.53111e-05
0.343834
0.000520679
-0.0771518
-0.000552689
-0.325376
0.000226342
0.0730024
0.000335639
-0.0845845
-0.000149004
0.142487
-0.000387818
0.0472889
-1.34056e-05
0.0980514
0.000367142
0.040188
9.10451e-05
-0.303964
-0.000388251
-0.175019
0.00030308
0.317762
8.70973e-06
0.129741
-0.000184137
-0.137869
-0.000391933
0.109146
0.000592698
-0.0367916
0.000262276
-0.328736
-0.000632612
0.0978668
0.000258498
0.165235
3.8567e-05
0.194501
-0.000297615
-0.0781523
0.000178564
-0.218331
-2.76071e-05
-0.0111606
0.000582247
0.0681752
-0.000592464
-0.168067
-0.000187371
0.290087
0.000141637
0.228032
0.000331391
-0.334843
-0.000246015
-0.161186
-3.04041e-05
0.0654027
0.000373523
0.0794822
-0.000233332
0.0283097
-0.000629447
0.157508
0.000838993
-0.0508506
-0.000352883
-0.0584395
0.000272773
-0.287966
-0.000280443
0.0212472
9.14995e-05
0.413417
0.00023173
-0.0771071
-0.000640035
-0.111949
0.000183045
0.0889527
0.000647534
-0.150782
-0.000250419
-0.218666
-0.000394369
0.251338
0.000144121
0.178077
0.000210816
0.0397541
-0.000466959
-0.183629
0.000366406
-0.166061
0.000295953
0.0860423
-0.000235569
0.0169863
-0.000222197
-0.018636
-0.000303084
0.275101
0.000593994
0.0511605
0.000201881
-0.457045
-0.000853798
0.0156427
0.0008593
0.176249
-0.000241851
0.000576717
-0.000446177
0.11626
8.24638e-05
0.0196483
0.000484286
-0.0630907
-0.000133327
-0.177706
-0.000129636
-0.136807
-0.000144004
0.213864
0.000360135
0.304647
-0.000322339
-0.203631
-0.000152558
-0.105085
0.0003583
0.0982425
0.000262655
-0.232653
-0.000260807
-0.0204129
-0.000718578
0.315764
0.00111729
0.111824
-0.000737399
-0.17215
0.00024939
-0.133532
-1.20846e-05
-0.117989
0.000250369
0.183272
-0.000186237
-0.0129138
-0.000379592
0.0506279
0.000265661
0.245962
0.000316718
-0.233229
-0.000392476
-0.324683
0.000129591
0.15005
0.000135199
0.239025
0.00012724
-0.0959311
-0.000797649
0.141811
0.000450826
-0.0823967
0.000479311
-0.108885
-0.000421429
-0.171687
6.26216e-05
0.0749703
-6.06578e-05
0.247944
-6.6383e-05
0.174437
9.64603e-05
-0.357119
-0.00029855
0.0277925
0.00074056
0.0224274
-0.000231162
-0.174611
-0.000615875
0.120426
0.000413623
0.347937
-5.96102e-05
-0.135725
0.000307679
-0.177642
-0.000663066
-0.141057
0.000813114
0.0853168
-0.000390599
0.105005
-0.00011454
0.0573086
-0.000122891
0.0110272
0.000219561
0.153393
0.000261745
-0.392222
-0.000336617
-0.129273
-1.78429e-05
0.315805
0.000346178
0.125588
-0.000314287
-0.117781
-0.000392577
0.0847198
0.000740936
-0.108622
-0.000259191
-0.183719
0.000256074
0.0252601
-0.000626519
0.12113
0.0004861
0.297456
-0.000239355
-0.140118
-5.25997e-05
-0.253393
0.000187069
0.0327507
0.00026467
0.0766158
-0.000162619
-0.174562
-0.000516629
0.304151
0.000119043
0.172902
0.00082319
-0.287756
-0.00104208
-0.157006
0.000776068
0.0019513
-0.000244266
0.139307
5.59282e-05
0.0874071
-0.000529075
0.0254632
0.000461071
-0.00122781
-2.76034e-06
-0.00750076
0.000297125
-0.375783
-0.000667526
0.0996915
0.000584446
0.375202
-0.000423049
-0.0550679
0.000196648
-0.118296
-0.000378583
0.0545836
0.000702879
-0.159115
-2.37088e-05
-0.114082
-0.000852035
0.151896
0.000820424
0.191381
-0.00049091
0.0967845
0.000223011
-0.22665
-0.000123515
-0.234783
0.000107821
0.214634
0.000482632
-0.0562696
-0.000764045
0.0182013
-6.20012e-05
0.25069
0.000448593
0.0304499
-4.99725e-05
-0.422882
-2.80498e-05
0.0163506
-5.49323e-05
0.114089
0.0003501
0.106235
-0.000681608
0.0954006
4.21109e-05
-0.0926922
0.000496706
0.0465775
8.5898e-05
-0.209352
-0.000362955
-0.140815
0.000157982
0.205543
-0.000426746
0.370159
0.000896618
-0.302479
-0.00137561
-0.0197304
0.00127034
-0.00639396
-0.000155486
-0.143948
-0.00028034
0.000271651
-0.000301966
0.240071
0.000159135
0.131522
0.000475648
-0.10887
-0.000731226
-0.230854
0.000721678
-0.104193
-0.000176038
0.275814
-0.000216802
-0.0859641
-0.000151151
0.0692714
-4.07114e-05
0.234256
0.00064455
-0.24699
-0.000282748
-0.291712
-0.000371172
0.141315
0.000548514
0.194669
-0.000283362
0.0271419
-0.000487191
0.0231459
0.000707929
-0.0788765
-0.00010733
-0.0808986
0.000120909
-0.104305
-0.000431641
-0.0825133
2.56448e-05
0.445188
0.000434216
0.00264699
-0.000592809
-0.229989
0.000574306
-0.112259
-0.000470134
0.158364
0.000915057
-0.281688
-0.00133684
0.284557
0.000761213
0.12184
-0.000158471
0.0404493
0.00014063
-0.24215
-0.000136393
-0.175928
0.000176415
0.117379
-0.000115981
0.1723
5.37641e-06
-0.0342142
-0.000406576
0.0433195
0.000487467
0.141501
0.000220324
-0.388927
-0.000441892
-0.116833
4.29553e-05
0.318218
0.000213897
0.0903223
-0.000246375
-0.01724
-6.0256e-05
-0.0471301
5.85097e-05
-0.0819869
0.000794132
-0.106225
-0.00115819
-0.017341
0.000631816
0.0812098
-0.000428778
0.382649
0.000519791
-0.197667
-0.000381957
-0.282505
-5.32001e-05
0.0992884
0.000718042
-0.00087592
-0.000654974
-0.0457567
-0.000101188
0.192062
2.26785e-05
0.193732
0.000518043
-0.277688
-0.000394845
-0.128285
0.000131024
-0.0850833
2.46961e-05
0.22065
-2.9301e-05
0.142135
-0.000413976
-0.140208
0.00042887
0.136028
4.90685e-05
-0.100433
0.000125061
-0.30131
-0.000335076
0.0540907
-0.000211833
0.416397
0.000729047
-0.107593
-0.000810364
-0.0262416
0.000394889
-0.0994627
0.000260209
-0.0596557
-0.000160847
-0.0702503
-0.00021286
0.0677868
-0.000255722
0.218894
0.000741083
0.123022
-0.000505735
-0.258358
0.000140503
-0.267084
-4.71702e-05
0.28155
0.000264274
-0.0794909
-0.000250504
0.025057
-0.00034334
0.263473
0.00041344
-0.0759871
0.000365205
-0.25618
-0.0007741
-0.11053
0.000502166
0.132252
3.74389e-05
0.194442
-0.000402452
0.0286815
0.000123105
-0.11813
-6.6759e-06
0.0595604
0.000571705
-0.154025
-0.00053295
-0.226856
-0.000194147
0.3141
0.000378423
0.254387
-0.000114189
-0.189105
-3.35748e-05
-0.121208
-0.000274608
0.0294566
0.00104315
-0.163077
-0.00102964
0.118915
-4.34653e-06
0.0772426
0.000450331
0.201711
-0.000163321
-0.0436975
0.000130724
-0.393347
-0.00023697
0.0506385
0.000180959
0.181944
0.000100571
0.0019189
-0.000400803
7.52624e-06
3.95571e-05
0.2438
0.000581849
-0.263527
-0.000498676
-0.23003
9.64493e-05
0.0815463
-2.61319e-05
0.200258
0.000344098
0.101551
-0.000737833
-0.0376389
0.000435012
-0.153873
0.000247253
0.0634629
-0.000218083
-0.20071
4.82171e-05
-0.0357041
-0.00040265
0.424659
0.000445868
0.0286338
0.000156248
-0.291024
-0.000898708
-0.0157314
0.00111208
-0.0255995
-0.000339122
-0.0106755
-0.000366475
0.0709085
0.000102958
0.216122
9.76157e-05
-0.0159651
0.000112864
-0.16245
-2.9238e-05
-0.280579
-0.000211524
0.168506
0.000571245
0.245249
-0.000856699
-0.148331
0.000392945
0.122558
-5.15978e-05
0.0706455
0.000570321
-0.362151
-0.000622727
-0.0514907
-0.000214779
0.205205
0.000833628
0.180314
-0.000713088
-0.00935961
1.29883e-05
-0.129341
0.000401234
-0.0818761
-7.24291e-05
0.0102211
0.000115018
-0.142709
-0.000632126
0.181301
0.000440974
0.296752
0.000114437
-0.116693
-0.000288038
-0.374764
0.000235155
0.163796
-3.35871e-06
-0.03603
8.56198e-05
0.00791833
-0.000617537
0.19499
0.000412128
0.0568803
0.000406105
-0.0967022
-0.000497383
-0.230006
8.01825e-05
-0.123704
9.34056e-05
0.361749
-7.14293e-05
0.0225114
0.000103781
-0.0616198
-0.00051161
0.0386473
0.000843021
-0.0184897
-0.000271636
-0.351731
-0.000442757
0.129039
0.000274307
0.310151
0.000215033
0.00229152
-0.000208553
-0.082419
-0.000290184
-0.132182
0.000588667
-0.0519841
-0.000149996
0.0289102
-0.000310873
-0.0292878
0.000191044
0.215577
-0.000113715
0.232161
0.000279663
-0.442753
-0.000259655
-0.0804078
-9.99576e-05
0.121438
0.000731208
0.0423786
-0.000838921
0.0225033
-2.70873e-05
0.167887
0.000595443
-0.0170699
-0.000264626
-0.254041
2.03658e-05
-0.111317
-0.00013092
0.0831945
0.000265141
0.288871
-0.000216767
0.000599408
-0.000236524
-0.207994
0.000403561
0.161707
7.8524e-05
-0.222191
-1.73462e-05
-0.171042
-0.000624616
0.306054
0.000499722
0.210305
0.000285569
-0.135871
-0.000698418
-0.120572
0.000365389
-0.105375
0.000332557
0.0378391
-0.000473708
0.0206491
6.00688e-05
0.0635286
-9.1479e-05
0.251234
0.000413346
-0.111913
-0.000189273
-0.304527
-0.000398485
-0.0928549
0.000644951
0.378559
-0.000249795
-0.171616
-9.10873e-05
0.157024
-0.00046219
0.0843341
0.00104194
-0.203181
-0.000526234
-0.152041
-0.000338047
-0.0420809
0.000514913
0.261119
-5.13753e-05
0.1726
-0.000419489
-0.168545
0.000361269
-0.0962228
-0.000309454
0.0578398
0.000839476
-0.196095
-0.00101652
-0.00455776
0.000313333
0.37634
0.000326008
0.0476642
-0.000292254
-0.266934
-0.000195425
-0.087215
0.000381133
0.027957
0.000177353
-0.0292587
-0.000421687
0.183302
-0.000195503
-0.0144564
0.000536302
0.197427
-0.00036004
-0.267144
0.000266922
