E,D(E)
-0.999,1.48979e+229
-0.99509,1.90661e+229
-0.99118,-9.82804e+228
-0.98727,-1.13993e+229
-0.98336,-7.68075e+228
-0.97945,2.52025e+228
-0.97554,8.27004e+228
-0.97163,-4.74077e+228
-0.96772,-2.12206e+228
-0.96381,5.86025e+228
-0.9599,-6.6979e+228
-0.95599,6.29427e+228
-0.95208,-5.72769e+228
-0.94817,5.4138e+228
-0.94426,-5.38362e+228
-0.94035,5.46464e+228
-0.93644,-5.36219e+228
-0.93253,4.72651e+228
-0.92862,-3.27389e+228
-0.92471,9.78108e+227
-0.9208,1.73694e+228
-0.91689,-3.96283e+228
-0.91298,4.60587e+228
-0.90907,-3.03799e+228
-0.90516,-2.14738e+227
-0.90125,3.35132e+228
-0.897341,-4.21419e+228
-0.893431,1.94937e+228
-0.889521,1.86649e+228
-0.885611,-4.04127e+228
-0.881701,2.47584e+228
-0.877791,1.48829e+228
-0.873881,-3.86812e+228
-0.869971,2.02523e+228
-0.866061,2.08823e+228
-0.862151,-3.66801e+228
-0.858241,7.06113e+227
-0.854331,3.11098e+228
-0.850421,-2.75187e+228
-0.846511,-1.36017e+228
-0.842601,3.48929e+228
-0.838691,-5.28814e+227
-0.834781,-3.16905e+228
-0.830871,1.96947e+228
-0.826961,2.28798e+228
-0.823051,-2.81708e+228
-0.819141,-1.26347e+228
-0.815231,3.1707e+228
-0.811321,3.41584e+227
-0.807411,-3.20533e+228
-0.803501,3.76109e+227
-0.799591,3.08146e+228
-0.795681,-8.74855e+227
-0.791771,-2.91399e+228
-0.787861,1.17815e+228
-0.783951,2.7718e+228
-0.780041,-1.31767e+228
-0.776131,-2.68769e+228
-0.772221,1.31883e+228
-0.768311,2.66863e+228
-0.764401,-1.19639e+228
-0.760491,-2.70284e+228
-0.756581,9.55991e+227
-0.752671,2.76373e+228
-0.748761,-5.99117e+227
-0.744851,-2.81199e+228
-0.740941,1.30163e+227
-0.737031,2.79784e+228
-0.733121,4.35229e+227
-0.729211,-2.66542e+228
-0.725301,-1.06188e+228
-0.721391,2.36095e+228
-0.717481,1.68888e+228
-0.713571,-1.84544e+228
-0.709661,-2.22849e+228
-0.705751,1.11108e+228
-0.701841,2.57343e+228
-0.697932,-1.98035e+227
-0.694022,-2.61522e+228
-0.690112,-7.94211e+227
-0.686202,2.27342e+228
-0.682292,1.70852e+228
-0.678382,-1.53121e+228
-0.674472,-2.35191e+228
-0.670562,4.67073e+227
-0.666652,2.54033e+228
-0.662742,7.32058e+227
-0.658832,-2.16065e+228
-0.654922,-1.79133e+228
-0.651012,1.23332e+228
-0.647102,2.41017e+228
-0.643192,5.05183e+226
-0.639282,-2.35908e+228
-0.635372,-1.34496e+228
-0.631462,1.58406e+228
-0.627552,2.23414e+228
-0.623642,-2.74649e+227
-0.619732,-2.37514e+228
-0.615822,-1.14997e+228
-0.611912,1.65421e+228
-0.608002,2.16085e+228
-0.604092,-2.86051e+227
-0.600182,-2.32362e+228
-0.596272,-1.21266e+228
-0.592362,1.51255e+228
-0.588452,2.20195e+228
-0.584542,-2.67431e+226
-0.580632,-2.20192e+228
-0.576722,-1.48183e+228
-0.572812,1.15761e+228
-0.568902,2.28089e+228
-0.564992,4.66142e+227
-0.561082,-1.92979e+228
-0.557172,-1.85685e+228
-0.553262,5.60448e+227
-0.549352,2.2558e+228
-0.545442,1.1207e+228
-0.541532,-1.39868e+228
-0.537622,-2.17111e+228
-0.533712,-2.68378e+227
-0.529802,1.94931e+228
-0.525892,1.77903e+228
-0.521982,-5.44616e+227
-0.518072,-2.19624e+228
-0.514162,-1.20307e+228
-0.510252,1.21935e+228
-0.506342,2.17769e+228
-0.502432,5.55421e+227
-0.498523,-1.71011e+228
-0.494613,-1.95836e+228
-0.490703,7.83972e+226
-0.486793,2.0117e+228
-0.482883,1.60847e+228
-0.478973,-6.43121e+227
-0.475063,-2.14465e+228
-0.471153,-1.19083e+228
-0.467243,1.11031e+228
-0.463333,2.14234e+228
-0.459423,7.54913e+227
-0.455513,-1.47195e+228
-0.451603,-2.04161e+228
-0.447693,-3.35487e+227
-0.443783,1.7336e+228
-0.439873,1.87693e+228
-0.435963,-4.58512e+226
-0.432053,-1.90856e+228
-0.428143,-1.67736e+228
-0.424233,3.78013e+227
-0.420323,2.01345e+228
-0.416413,1.46563e+228
-0.412503,-6.57488e+227
-0.408593,-2.06523e+228
-0.404683,-1.25833e+228
-0.400773,8.85713e+227
-0.396863,2.07945e+228
-0.392953,1.06678e+228
-0.389043,-1.06696e+228
-0.385133,-2.0694e+228
-0.381223,-8.98154e+227
-0.377313,1.20678e+228
-0.373403,2.04575e+228
-0.369493,7.56477e+227
-0.365583,-1.31096e+228
-0.361673,-2.0167e+228
-0.357763,-6.43606e+227
-0.353853,1.38485e+228
-0.349943,1.98815e+228
-0.346033,5.59941e+227
-0.342123,-1.43296e+228
-0.338213,-1.96408e+228
-0.334303,-5.0497e+227
-0.330393,1.45888e+228
-0.326483,1.94682e+228
-0.322573,4.77643e+227
-0.318663,-1.46517e+228
-0.314753,-1.93733e+228
-0.310843,-4.76602e+227
-0.306933,1.45346e+228
-0.303023,1.93548e+228
-0.299114,5.00304e+227
-0.295204,-1.42458e+228
-0.291294,-1.94021e+228
-0.287384,-5.47061e+227
-0.283474,1.37868e+228
-0.279564,1.94967e+228
-0.275654,6.15017e+227
-0.271744,-1.31539e+228
-0.267834,-1.9614e+228
-0.263924,-7.02094e+227
-0.260014,1.23404e+228
-0.256104,1.97238e+228
-0.252194,8.0592e+227
-0.248284,-1.13381e+228
-0.244374,-1.97917e+228
-0.240464,-9.23747e+227
-0.236554,1.01393e+228
-0.232644,1.97803e+228
-0.228734,1.05238e+228
-0.224824,-8.73885e+227
-0.220914,-1.96502e+228
-0.217004,-1.18813e+228
-0.213094,7.13555e+227
-0.209184,1.9362e+228
-0.205274,1.3268e+228
-0.201364,-5.3343e+227
-0.197454,-1.88774e+228
-0.193544,-1.46369e+228
-0.189634,3.34734e+227
-0.185724,1.81615e+228
-0.181814,1.59368e+228
-0.177904,-1.19546e+227
-0.173994,-1.71847e+228
-0.170084,-1.71133e+228
-0.166174,-1.09124e+227
-0.162264,1.59246e+228
-0.158354,1.81104e+228
-0.154444,3.47307e+227
-0.150534,-1.43681e+228
-0.146624,-1.88728e+228
-0.142714,-5.90111e+227
-0.138804,1.25134e+228
-0.134894,1.93477e+228
-0.130984,8.31816e+227
-0.127074,-1.03706e+228
-0.123164,-1.94881e+228
-0.119254,-1.06603e+228
-0.115344,7.96363e+227
-0.111434,1.9255e+228
-0.107524,1.28591e+228
-0.103614,-5.3296e+227
-0.0997045,-1.86201e+228
-0.0957945,-1.48443e+228
-0.0918845,2.5188e+227
-0.0879746,1.75681e+228
-0.0840646,1.65473e+228
-0.0801546,4.06744e+226
-0.0762446,-1.60985e+228
-0.0723346,-1.79038e+228
-0.0684247,-3.37525e+227
-0.0645147,1.42268e+228
-0.0606047,1.88579e+228
-0.0566947,6.30792e+227
-0.0527847,-1.19844e+228
-0.0488748,-1.93648e+228
-0.0449648,-9.12225e+227
-0.0410548,9.41878e+227
-0.0371448,1.93938e+228
-0.0332348,1.17357e+228
-0.0293249,-6.59123e+227
-0.0254149,-1.89302e+228
-0.0215049,-1.40697e+228
-0.0175949,3.57504e+227
-0.0136849,1.79766e+228
-0.00977495,1.60531e+228
-0.00586497,-4.52318e+226
-0.00195499,-1.65533e+228
0.00195499,-1.76262e+228
0.00586497,-2.6897e+227
0.00977495,1.46977e+228
0.0136849,1.87431e+228
0.0175949,5.76255e+227
0.0215049,-1.24624e+228
0.0254149,-1.93741e+228
0.0293249,-8.68059e+227
0.0332348,9.91313e+227
0.0371448,1.95071e+228
0.0410548,1.13649e+228
0.0449648,-7.12554e+227
0.0488748,-1.91476e+228
0.0527847,-1.37468e+228
0.0566947,4.18131e+227
0.0606047,1.83182e+228
0.0645147,1.57705e+228
0.0684247,-1.16449e+227
0.0723346,-1.70569e+228
0.0762446,-1.73952e+228
0.0801546,-1.84247e+227
0.0840646,1.5415e+228
0.0879746,1.85966e+228
0.0918845,4.76229e+227
0.0957945,-1.34536e+228
0.0997045,-1.93664e+228
0.103614,-7.52609e+227
0.107524,1.12408e+228
0.111434,1.97125e+228
0.115344,1.00759e+228
0.119254,-8.84816e+227
0.123164,-1.96569e+228
0.127074,-1.23663e+228
0.130984,6.34698e+227
0.134894,1.9234e+228
0.138804,1.43657e+228
0.142714,-3.80563e+227
0.146624,-1.84883e+228
0.150534,-1.60565e+228
0.154444,1.28673e+227
0.158354,1.74713e+228
0.162264,1.74341e+228
0.166174,1.15487e+227
0.170084,-1.62388e+228
0.173994,-1.85068e+228
0.177904,-3.47347e+227
0.181814,1.48488e+228
0.185724,1.92931e+228
0.189634,5.63331e+227
0.193544,-1.33583e+228
0.197454,-1.98207e+228
0.201364,-7.60863e+227
0.205274,1.18223e+228
0.209184,2.01238e+228
0.213094,9.38328e+227
0.217004,-1.02916e+228
0.220914,-2.02415e+228
0.224824,-1.09497e+228
0.228734,8.81204e+227
0.232644,2.02154e+228
0.236554,1.23077e+228
0.240464,-7.42426e+227
0.244374,-2.00881e+228
0.248284,-1.34628e+228
0.252194,6.1634e+227
0.256104,1.99013e+228
0.260014,1.44243e+228
0.263924,-5.05964e+227
0.267834,-1.96946e+228
0.271744,-1.52036e+228
0.275654,4.13884e+227
0.279564,1.95041e+228
0.283474,1.58121e+228
0.287384,-3.4234e+227
0.291294,-1.93618e+228
0.295204,-1.62593e+228
0.299114,2.93333e+227
0.303023,1.9294e+228
0.306933,1.65507e+228
0.310843,-2.68711e+227
0.314753,-1.9321e+228
0.318663,-1.66862e+228
0.322573,2.70249e+227
0.326483,1.94551e+228
0.330393,1.66578e+228
0.334303,-2.99683e+227
0.338213,-1.96998e+228
0.342123,-1.64486e+228
0.346033,3.5869e+227
0.349943,2.00473e+228
0.353853,1.60306e+228
0.357763,-4.48778e+227
0.361673,-2.04762e+228
0.365583,-1.53643e+228
0.369493,5.71063e+227
0.373403,2.09479e+228
0.377313,1.43982e+228
0.381223,-7.25886e+227
0.385133,-2.14033e+228
0.389043,-1.30701e+228
0.392953,9.12249e+227
0.396863,2.17583e+228
0.400773,1.13101e+228
0.404683,-1.12702e+228
0.408593,-2.19009e+228
0.412503,-9.04712e+227
0.416413,1.36389e+228
0.420323,2.16884e+228
0.424233,6.21941e+227
0.428143,-1.61219e+228
0.432053,-2.09493e+228
0.435963,-2.79038e+227
0.439873,1.85552e+228
0.443783,1.94903e+228
0.447693,-1.22865e+227
0.451603,-2.07061e+228
0.455513,-1.71129e+228
0.459423,5.74941e+227
0.463333,2.22668e+228
0.467243,1.3643e+228
0.471153,-1.05727e+228
0.475063,-2.28601e+228
0.478973,-8.97723e+227
0.482883,1.5355e+228
0.486793,2.20663e+228
0.490703,3.14652e+227
0.494613,-1.95849e+228
0.498523,-1.94806e+228
0.502432,3.60598e+227
0.506342,2.25871e+228
0.510252,1.48102e+228
0.514162,-1.07465e+228
0.518072,-2.35744e+228
0.521982,-8.0146e+227
0.525892,1.73978e+228
0.529802,2.17748e+228
0.533712,-5.25237e+226
0.537622,-2.23555e+228
0.541532,-1.66516e+228
0.545442,9.84839e+227
0.549352,2.42289e+228
0.553262,8.21049e+227
0.557172,-1.83419e+228
0.561082,-2.17605e+228
0.564992,2.66212e+227
0.568902,2.38685e+228
0.572812,1.43387e+228
0.576722,-1.39617e+228
0.580632,-2.4215e+228
0.584542,-2.62783e+227
0.588452,2.26449e+228
0.592362,1.7923e+228
0.596272,-1.09194e+228
0.600182,-2.52761e+228
0.604092,-5.38449e+227
0.608002,2.20739e+228
0.611912,1.93796e+228
0.615822,-1.02293e+228
0.619732,-2.58489e+228
0.623642,-5.27631e+227
0.627552,2.29799e+228
0.631462,1.87629e+228
0.635372,-1.24435e+228
0.639282,-2.59849e+228
0.643192,-1.8144e+227
0.647102,2.52831e+228
0.651012,1.52949e+228
0.654922,-1.75923e+228
0.658832,-2.44399e+228
0.662742,5.61173e+227
0.666652,2.74535e+228
0.670562,7.35134e+227
0.674472,-2.43804e+228
0.678382,-1.84022e+228
0.682292,1.66382e+228
0.686202,2.56761e+228
0.690112,-6.31333e+227
0.694022,-2.85008e+228
0.697932,-4.50255e+227
0.701841,2.72105e+228
0.705751,1.41704e+228
0.709661,-2.27779e+228
0.713571,-2.17071e+228
0.717481,1.64252e+228
0.721391,2.67753e+228
0.725301,-9.31611e+227
0.729211,-2.95422e+228
0.733121,2.37193e+227
0.737031,3.04893e+228
0.740941,3.79208e+227
0.744851,-3.02348e+228
0.748761,-8.84268e+227
0.752671,2.94007e+228
0.756581,1.26535e+228
0.760491,-2.85312e+228
0.764401,-1.52107e+228
0.768311,2.80525e+228
0.772221,1.65208e+228
0.776131,-2.82542e+228
0.780041,-1.65324e+228
0.783951,2.92702e+228
0.787861,1.50806e+228
0.791771,-3.10375e+228
0.795681,-1.18661e+228
0.799591,3.32163e+228
0.803501,6.49758e+227
0.807411,-3.50685e+228
0.811321,1.35627e+227
0.815231,3.53314e+228
0.819141,-1.16387e+228
0.823051,-3.21924e+228
0.826961,2.33566e+228
0.830871,2.35924e+228
0.834781,-3.38992e+228
0.838691,-8.19342e+227
0.842601,3.86468e+228
0.846511,-1.2744e+228
0.850421,-3.18516e+228
0.854331,3.30238e+228
0.858241,1.0151e+228
0.862151,-4.089e+228
0.866061,2.1027e+228
0.869971,2.44074e+228
0.873881,-4.24803e+228
0.877791,1.42058e+228
0.881701,2.92732e+228
0.885611,-4.44195e+228
0.889521,1.84944e+228
0.893431,2.37304e+228
0.897341,-4.71101e+228
0.90125,3.55917e+228
0.90516,4.22638e+225
0.90907,-3.55064e+228
0.91298,5.13741e+228
0.91689,-4.26804e+228
0.9208,1.703e+228
0.92471,1.32576e+228
0.92862,-3.82764e+228
0.93253,5.36391e+228
0.93644,-5.99196e+228
0.94035,6.04401e+228
0.94426,-5.91558e+228
0.94817,5.93586e+228
0.95208,-6.29857e+228
0.95599,6.97422e+228
0.9599,-7.50602e+228
0.96381,6.68492e+228
0.96772,-2.60665e+228
0.97163,-5.10534e+228
0.97554,9.3204e+228
0.97945,2.58574e+228
0.98336,-8.76848e+228
0.98727,-1.28436e+229
0.99118,-1.11974e+229
0.99509,2.13795e+229
0.999,1.69511e+229
